TimeStamp	POS_X	POS_Y	POS_Z	Q_W	Q_X	Q_Y	Q_Z	ImageFile
1588269400435	0.000000	0.000000	-0.146496	1.000000	0.000000	0.000000	0.000011	img__0_1588269400616761500.png
1588269400522	-0.000010	-0.000010	-0.153732	0.999999	-0.001077	0.001149	0.000018	img__0_1588269400703862200.png
1588269400612	-0.000271	-0.000259	-0.206570	0.999995	-0.002091	0.002277	-0.000797	img__0_1588269400791212100.png
1588269400699	-0.000949	-0.000891	-0.281688	0.999873	-0.002723	0.002909	-0.015425	img__0_1588269400879607300.png
1588269400789	-0.002054	-0.001911	-0.351052	0.998238	-0.003099	0.003220	-0.059165	img__0_1588269400969580500.png
1588269400879	-0.003662	-0.003358	-0.415154	0.991564	-0.003278	0.003383	-0.129529	img__0_1588269401060106100.png
1588269400966	-0.005792	-0.005184	-0.477986	0.976273	-0.003291	0.003507	-0.216489	img__0_1588269401146585300.png
1588269401050	-0.008438	-0.007299	-0.539892	0.950220	-0.003169	0.003639	-0.311543	img__0_1588269401232701700.png
1588269401137	-0.011836	-0.009768	-0.605229	0.909461	-0.002926	0.003800	-0.415762	img__0_1588269401317628600.png
1588269401218	-0.015605	-0.012215	-0.664418	0.859963	-0.002596	0.003976	-0.510334	img__0_1588269401400872100.png
1588269401308	-0.020489	-0.014992	-0.719315	0.805856	-0.033460	0.026780	-0.590558	img__0_1588269401488908000.png
1588269401401	-0.032697	-0.019611	-0.766847	0.751049	-0.120704	0.093632	-0.642331	img__0_1588269401583413100.png
1588269401494	-0.069650	-0.029177	-0.812808	0.707232	-0.166184	0.134643	-0.673853	img__0_1588269401675451500.png
1588269401584	-0.142622	-0.043252	-0.859778	0.678927	-0.184715	0.160376	-0.692256	img__0_1588269401767072700.png
1588269401677	-0.265740	-0.060736	-0.914299	0.663140	-0.190680	0.179093	-0.701293	img__0_1588269401857484100.png
1588269401767	-0.434027	-0.078052	-0.972036	0.670205	-0.145587	0.143624	-0.713444	img__0_1588269401947429100.png
1588269401854	-0.634770	-0.093929	-1.039156	0.685581	-0.079316	0.082372	-0.718960	img__0_1588269402035753600.png
1588269401944	-0.867519	-0.109319	-1.134892	0.700075	-0.040666	0.046648	-0.711383	img__0_1588269402123570400.png
1588269402028	-1.096193	-0.122865	-1.238740	0.712003	-0.020418	0.027121	-0.701355	img__0_1588269402211052400.png
1588269402115	-1.336512	-0.136305	-1.335959	0.719547	0.039838	-0.031911	-0.692566	img__0_1588269402298565300.png
1588269402202	-1.570836	-0.148924	-1.420067	0.718128	0.109596	-0.099631	-0.679966	img__0_1588269402384889000.png
1588269402289	-1.787638	-0.160198	-1.489590	0.723485	0.101732	-0.092851	-0.676461	img__0_1588269402469796100.png
1588269402376	-1.986890	-0.170091	-1.544629	0.731371	0.058841	-0.052110	-0.677435	img__0_1588269402556024200.png
1588269402463	-2.175047	-0.178901	-1.592198	0.735184	0.034315	-0.028459	-0.676401	img__0_1588269402644263400.png
1588269402550	-2.354827	-0.186606	-1.654934	0.738006	0.020749	-0.015269	-0.674302	img__0_1588269402732639100.png
1588269402640	-2.535450	-0.193583	-1.737026	0.742555	0.012921	-0.007668	-0.669617	img__0_1588269402822132200.png
1588269402730	-2.713675	-0.199902	-1.810013	0.745979	0.005277	-0.007236	-0.665909	img__0_1588269402913550500.png
1588269402820	-2.890325	-0.207375	-1.869696	0.744962	-0.055028	-0.070002	-0.661138	img__0_1588269403001982800.png
1588269402913	-3.070479	-0.226621	-1.916433	0.737184	-0.116097	-0.135878	-0.651628	img__0_1588269403093288100.png
1588269403000	-3.235734	-0.266137	-1.943795	0.731011	-0.147390	-0.169874	-0.644238	img__0_1588269403182362500.png
1588269403084	-3.391687	-0.329554	-1.953007	0.727370	-0.163530	-0.187651	-0.639514	img__0_1588269403267253900.png
1588269403168	-3.543831	-0.420041	-1.944207	0.737690	-0.126028	-0.144871	-0.647258	img__0_1588269403351873800.png
1588269403252	-3.692795	-0.532648	-1.919650	0.747581	-0.072346	-0.083916	-0.654864	img__0_1588269403433926200.png
1588269403336	-3.839723	-0.658425	-1.882407	0.751093	-0.041010	-0.048430	-0.657139	img__0_1588269403518739400.png
1588269403420	-3.985337	-0.791727	-1.833680	0.752412	-0.023124	-0.028217	-0.657682	img__0_1588269403602754200.png
1588269403504	-4.130051	-0.929309	-1.773994	0.752981	-0.012978	-0.016769	-0.657701	img__0_1588269403687019700.png
1588269403588	-4.274102	-1.069322	-1.703665	0.753284	-0.007220	-0.010282	-0.657575	img__0_1588269403770783900.png
1588269403672	-4.417606	-1.210777	-1.626561	0.753483	-0.003955	-0.006606	-0.657423	img__0_1588269403854402000.png
1588269403759	-4.565565	-1.358675	-1.577580	0.753640	-0.002053	-0.004469	-0.657269	img__0_1588269403940792600.png
1588269403843	-4.707770	-1.502451	-1.577590	0.753769	-0.001024	-0.003312	-0.657130	img__0_1588269404026856300.png
1588269403936	-4.864542	-1.662276	-1.626742	0.753896	-0.000395	-0.002606	-0.656989	img__0_1588269404118288700.png
1588269404020	-5.005676	-1.806868	-1.682875	0.754002	-0.000083	-0.002257	-0.656868	img__0_1588269404201215700.png
1588269404104	-5.146452	-1.951523	-1.728813	0.754102	0.000094	-0.002059	-0.656754	img__0_1588269404286083900.png
1588269404191	-5.291886	-2.101372	-1.764492	0.754201	0.000197	-0.001943	-0.656640	img__0_1588269404371835100.png
1588269404272	-5.426832	-2.240878	-1.786926	0.753692	0.030084	-0.027849	-0.655948	img__0_1588269404453820500.png
1588269404356	-5.561645	-2.384882	-1.798937	0.747007	0.105264	-0.093205	-0.649779	img__0_1588269404538315900.png
1588269404443	-5.684893	-2.531784	-1.797466	0.739703	0.148618	-0.130879	-0.643135	img__0_1588269404626571500.png
1588269404530	-5.785817	-2.675600	-1.780316	0.749126	0.090572	-0.080385	-0.651265	img__0_1588269404713807500.png
1588269404617	-5.870638	-2.817203	-1.749379	0.753063	0.049327	-0.044490	-0.654587	img__0_1588269404800531700.png
1588269404701	-5.944269	-2.952803	-1.707927	0.754379	0.024181	-0.022599	-0.655604	img__0_1588269404884950900.png
1588269404791	-6.018632	-3.097497	-1.651470	0.754744	0.013252	-0.013073	-0.655755	img__0_1588269404971992700.png
1588269404881	-6.088726	-3.241632	-1.582739	0.749748	0.086252	-0.076427	-0.651611	img__0_1588269405063129900.png
1588269404965	-6.141275	-3.374387	-1.507154	0.735997	0.136314	-0.118621	-0.652423	img__0_1588269405147181100.png
1588269405052	-6.174387	-3.508998	-1.417476	0.726900	0.090809	-0.074890	-0.676581	img__0_1588269405234151800.png
1588269405139	-6.191775	-3.641446	-1.315607	0.717282	0.050470	-0.040048	-0.693798	img__0_1588269405321587200.png
1588269405229	-6.200793	-3.777165	-1.198875	0.708459	0.037187	-0.032914	-0.704003	img__0_1588269405412283400.png
1588269405316	-6.200875	-3.908024	-1.081619	0.701773	0.087156	-0.108352	-0.698698	img__0_1588269405499117200.png
1588269405403	-6.181058	-4.040794	-0.964406	0.709871	0.095706	-0.134456	-0.684723	img__0_1588269405585120400.png
1588269405490	-6.137899	-4.176725	-0.846029	0.733708	0.049717	-0.075961	-0.673373	img__0_1588269405671263500.png
1588269405571	-6.086234	-4.305012	-0.727678	0.747540	0.028287	-0.045760	-0.662035	img__0_1588269405755161200.png
1588269405661	-6.021760	-4.448632	-0.585720	0.757606	0.015264	-0.026202	-0.652007	img__0_1588269405845120000.png
1588269405751	-5.952626	-4.592968	-0.442028	0.764346	0.008363	-0.015267	-0.644572	img__0_1588269405934667900.png
1588269405838	-5.881837	-4.733152	-0.341828	0.768888	0.004772	-0.009351	-0.639298	img__0_1588269406019969700.png
1588269405919	-5.813715	-4.864038	-0.284990	0.769765	0.002911	-0.006146	-0.638292	img__0_1588269406103585200.png
1588269406003	-5.742077	-4.999896	-0.232205	0.757959	0.001895	-0.004183	-0.652286	img__0_1588269406186474600.png
1588269406087	-5.669869	-5.135800	-0.177407	0.730718	0.001349	-0.003076	-0.682672	img__0_1588269406269030100.png
1588269406171	-5.597245	-5.271735	-0.122917	0.699662	0.000976	-0.002486	-0.714469	img__0_1588269406354453400.png
1588269406252	-5.627433	-5.214835	-0.143304	0.680042	0.000860	-0.002266	-0.733170	img__0_1588269406436801500.png
1588269406336	-5.627943	-5.213706	-0.141814	0.666969	0.000733	-0.002140	-0.745082	img__0_1588269406519299200.png
1588269406420	-5.628721	-5.212158	-0.140637	0.658499	0.000644	-0.002083	-0.752578	img__0_1588269406602272300.png
1588269406501	-5.631786	-5.206456	-0.142220	0.651892	0.000589	-0.002055	-0.758309	img__0_1588269406684246800.png
1588269406591	-5.628061	-5.213226	-0.136973	0.632713	0.000592	-0.002031	-0.774383	img__0_1588269406772502000.png
1588269406675	-5.628753	-5.212035	-0.137301	0.604991	0.000572	-0.002010	-0.796230	img__0_1588269406857557200.png
1588269406762	-5.629582	-5.210675	-0.136183	0.584636	0.000500	-0.002021	-0.811293	img__0_1588269406945302500.png
1588269406849	-5.632416	-5.205588	-0.137790	0.571884	0.000423	-0.002049	-0.820332	img__0_1588269407031761600.png
1588269406933	-5.631421	-5.207547	-0.134252	0.564102	0.000372	-0.002091	-0.825703	img__0_1588269407116715100.png
1588269407017	-5.632329	-5.205941	-0.133485	0.558855	0.000321	-0.002111	-0.829263	img__0_1588269407201486400.png
1588269407104	-5.634852	-5.201289	-0.137055	0.555016	0.000284	-0.002132	-0.831837	img__0_1588269407285690100.png
1588269407188	-5.632435	-5.205803	-0.145463	0.552573	0.000203	-0.002112	-0.833462	img__0_1588269407371811700.png
1588269407272	-5.634147	-5.202592	-0.161991	0.551175	0.000066	-0.002054	-0.834387	img__0_1588269407455878700.png
1588269407359	-5.590603	-5.283694	-0.193569	0.550844	-0.000036	-0.001944	-0.834606	img__0_1588269407539848100.png
1588269407440	-5.549856	-5.359529	-0.265226	0.551558	-0.000092	-0.001893	-0.834134	img__0_1588269407623004300.png
1588269407525	-5.507430	-5.438467	-0.370618	0.553062	-0.000126	-0.001863	-0.833138	img__0_1588269407706980200.png
1588269407612	-5.463387	-5.520407	-0.474039	0.555211	-0.000145	-0.001844	-0.831708	img__0_1588269407794612000.png
1588269407696	-5.420783	-5.599676	-0.561430	0.557692	-0.000154	-0.001835	-0.830046	img__0_1588269407879677200.png
1588269407783	-5.376573	-5.681935	-0.639334	0.560558	-0.000940	-0.000672	-0.828114	img__0_1588269407965365100.png
1588269407873	-5.331482	-5.766912	-0.706694	0.562033	-0.043869	0.062443	-0.823587	img__0_1588269408055626800.png
1588269407960	-5.296288	-5.845894	-0.758633	0.558953	-0.094709	0.137071	-0.812289	img__0_1588269408143260800.png
1588269408050	-5.285416	-5.917879	-0.812178	0.556568	-0.124504	0.180396	-0.801366	img__0_1588269408232575300.png
1588269408134	-5.319841	-5.968285	-0.892653	0.556308	-0.140014	0.202367	-0.793704	img__0_1588269408316678700.png
1588269408218	-5.397495	-6.002659	-0.990120	0.558541	-0.145371	0.209255	-0.789374	img__0_1588269408401517800.png
1588269408305	-5.411683	-5.999755	-0.988763	0.570172	-0.108246	0.155740	-0.799332	img__0_1588269408487691500.png
1588269408392	-5.415843	-5.994911	-0.982005	0.578152	-0.065118	0.093284	-0.807959	img__0_1588269408574744900.png
1588269408479	-5.419761	-5.991930	-0.977493	0.580812	-0.038544	0.054504	-0.811296	img__0_1588269408663021400.png
1588269408566	-5.419001	-5.990161	-0.972119	0.581553	-0.016302	0.022383	-0.813037	img__0_1588269408748545900.png
1588269408650	-5.418048	-5.989055	-0.966563	0.580098	0.043040	-0.050497	-0.811840	img__0_1588269408833301600.png
1588269408737	-5.416747	-5.988821	-0.959733	0.573867	0.100976	-0.115764	-0.804413	img__0_1588269408920760000.png
1588269408827	-5.400171	-5.991457	-0.955436	0.573791	0.089545	-0.108948	-0.806769	img__0_1588269409011352900.png
1588269408917	-5.398494	-5.991678	-0.949411	0.577619	0.050151	-0.061437	-0.812445	img__0_1588269409100388300.png
1588269409004	-5.395927	-5.991825	-0.945149	0.579323	0.026743	-0.033154	-0.813984	img__0_1588269409186777800.png
1588269409088	-5.393952	-5.991834	-0.942423	0.580452	0.013481	-0.017167	-0.814002	img__0_1588269409271937000.png
1588269409175	-5.393570	-5.991606	-0.938206	0.581608	0.005205	-0.007166	-0.813421	img__0_1588269409356755100.png
1588269409259	-5.393512	-5.991323	-0.934209	0.582806	0.000458	-0.001419	-0.812610	img__0_1588269409440167500.png
1588269409343	-5.393663	-5.991022	-0.930187	0.584102	-0.002393	0.002045	-0.811675	img__0_1588269409526953600.png
1588269409430	-5.394633	-5.990509	-0.925081	0.584355	-0.037363	0.050161	-0.809084	img__0_1588269409613387000.png
1588269409520	-5.397677	-5.989244	-0.927679	0.580151	-0.090242	0.123208	-0.800063	img__0_1588269409701690000.png
1588269409604	-5.413029	-5.983103	-0.931798	0.575973	-0.122213	0.167340	-0.790770	img__0_1588269409787222400.png
1588269409688	-5.486965	-5.958299	-0.928464	0.573880	-0.141065	0.193189	-0.783224	img__0_1588269409872265600.png
1588269409778	-5.619901	-5.914652	-0.956838	0.576766	-0.140879	0.192727	-0.781249	img__0_1588269409961325300.png
1588269409865	-5.783412	-5.861456	-0.981999	0.591491	-0.078960	0.108290	-0.795096	img__0_1588269410047409600.png
1588269409949	-5.957092	-5.805182	-0.992433	0.598069	-0.045778	0.062566	-0.797686	img__0_1588269410133305700.png
1588269410036	-6.146090	-5.744112	-0.990597	0.602539	-0.025324	0.034150	-0.796956	img__0_1588269410218198200.png
1588269410120	-6.333560	-5.683675	-0.979893	0.606643	-0.013334	0.017446	-0.794671	img__0_1588269410303363400.png
1588269410207	-6.529958	-5.620425	-0.979975	0.614991	0.041245	-0.044384	-0.786203	img__0_1588269410389523800.png
1588269410297	-6.720744	-5.556848	-1.003899	0.624659	0.111034	-0.115825	-0.764236	img__0_1588269410477207800.png
1588269410381	-6.871040	-5.500917	-1.043718	0.638899	0.148557	-0.153385	-0.739061	img__0_1588269410564635400.png
1588269410465	-6.994814	-5.447392	-1.073729	0.651931	0.171857	-0.172328	-0.718160	img__0_1588269410649396300.png
1588269410555	-7.096941	-5.391576	-1.086303	0.662715	0.188325	-0.180958	-0.701853	img__0_1588269410738423800.png
1588269410639	-7.161919	-5.339831	-1.078601	0.670491	0.198830	-0.183361	-0.690860	img__0_1588269410820920200.png
1588269410723	-7.196574	-5.287373	-1.051536	0.676524	0.206268	-0.183111	-0.682817	img__0_1588269410905808900.png
1588269410810	-7.199937	-5.231341	-1.002723	0.680118	0.207354	-0.186073	-0.678101	img__0_1588269410992598700.png
1588269410897	-7.170241	-5.173504	-0.932771	0.694281	0.155174	-0.144556	-0.687749	img__0_1588269411080784300.png
1588269410984	-7.114220	-5.114593	-0.845266	0.707546	0.085634	-0.081013	-0.696765	img__0_1588269411166242900.png
1588269411071	-7.042773	-5.055148	-0.744923	0.712672	0.044128	-0.042588	-0.698811	img__0_1588269411253546900.png
1588269411155	-6.964003	-4.997572	-0.656436	0.714233	0.011279	-0.032444	-0.699065	img__0_1588269411337431500.png
1588269411242	-6.875615	-4.943582	-0.596855	0.707607	-0.076356	-0.095894	-0.695893	img__0_1588269411423261800.png
1588269411320	-6.793224	-4.917365	-0.577333	0.699158	-0.129657	-0.136639	-0.689708	img__0_1588269411503802600.png
1588269411401	-6.706370	-4.927382	-0.589457	0.692524	-0.161602	-0.160852	-0.684414	img__0_1588269411585927500.png
1588269411485	-6.616114	-4.986928	-0.634394	0.688089	-0.180419	-0.175135	-0.680668	img__0_1588269411667319100.png
1588269411563	-6.532773	-5.091446	-0.703341	0.685637	-0.190296	-0.182671	-0.678470	img__0_1588269411748187900.png
1588269411641	-6.450117	-5.237997	-0.786072	0.696957	-0.141539	-0.131946	-0.690513	img__0_1588269411823479500.png
1588269411719	-6.368114	-5.406113	-0.858893	0.705197	-0.087327	-0.076058	-0.699490	img__0_1588269411903140900.png
1588269411806	-6.277552	-5.606927	-0.925500	0.708237	-0.052070	-0.039592	-0.702938	img__0_1588269411988207700.png
1588269411893	-6.188453	-5.815815	-0.978659	0.705886	-0.070495	0.018642	-0.704562	img__0_1588269412076087400.png
1588269411980	-6.107469	-6.029166	-1.018675	0.695622	-0.128005	0.098536	-0.700011	img__0_1588269412163270300.png
1588269412070	-6.080524	-6.127765	-1.028495	0.690267	-0.142233	0.124986	-0.698341	img__0_1588269412253061400.png
1588269412157	-6.087555	-6.134620	-1.022116	0.695598	-0.087767	0.076036	-0.708984	img__0_1588269412338906800.png
1588269412241	-6.090126	-6.123510	-1.014753	0.694640	-0.054020	0.045432	-0.715887	img__0_1588269412425498300.png
1588269412328	-6.172266	-6.032629	-1.008314	0.692237	-0.030929	0.024969	-0.720574	img__0_1588269412512221000.png
1588269412412	-6.257149	-6.005752	-0.981067	0.690098	-0.017707	0.013462	-0.723374	img__0_1588269412596885900.png
1588269412496	-6.344677	-5.979175	-0.942800	0.688426	-0.010053	0.006870	-0.725205	img__0_1588269412681082600.png
1588269412580	-6.433622	-5.952834	-0.893676	0.687196	-0.005686	0.003139	-0.726443	img__0_1588269412764666600.png
1588269412664	-6.523286	-5.926692	-0.833858	0.686320	-0.003184	0.001009	-0.727292	img__0_1588269412847195700.png
1588269412745	-6.610054	-5.901651	-0.766214	0.685730	-0.001793	-0.000172	-0.727854	img__0_1588269412929890200.png
1588269412832	-6.703343	-5.874929	-0.682873	0.685299	-0.000938	-0.000898	-0.728260	img__0_1588269413016046400.png
1588269412916	-6.793349	-5.849300	-0.595095	0.685886	0.002793	-0.007028	-0.727669	img__0_1588269413099504300.png
1588269413000	-6.881257	-5.825199	-0.509616	0.688331	-0.002943	-0.107960	-0.717312	img__0_1588269413185353400.png
1588269413084	-6.960008	-5.813101	-0.430328	0.690659	-0.083168	-0.153029	-0.701894	img__0_1588269413268668000.png
1588269413171	-7.032845	-5.826818	-0.356120	0.714353	-0.077550	-0.110335	-0.686667	img__0_1588269413355144400.png
1588269413255	-7.021895	-5.823943	-0.367325	0.731245	0.000000	0.000000	-0.682114	img__0_1588269413438977500.png
1588269413339	-7.021895	-5.823943	-0.367325	0.731245	0.000000	0.000000	-0.682114	img__0_1588269413523437400.png
1588269413423	-7.021895	-5.823943	-0.367325	0.731245	0.000000	0.000000	-0.682114	img__0_1588269413607209400.png
1588269413510	-7.021895	-5.823943	-0.367325	0.731245	0.000000	0.000000	-0.682114	img__0_1588269413693033000.png
1588269413594	-7.021895	-5.823943	-0.367325	0.731245	0.000000	0.000000	-0.682114	img__0_1588269413777993700.png
1588269413678	-7.021895	-5.823943	-0.367325	0.731245	0.000000	0.000000	-0.682114	img__0_1588269413862637500.png
1588269413765	-7.021895	-5.823943	-0.367325	0.731245	0.000000	0.000000	-0.682114	img__0_1588269413948228100.png
1588269413846	-7.021895	-5.823943	-0.367354	0.731250	0.000002	-0.000009	-0.682110	img__0_1588269414031301200.png
1588269413930	-7.021868	-5.823960	-0.384994	0.733287	0.000123	-0.000819	-0.679919	img__0_1588269414114705600.png
1588269414014	-7.021708	-5.824068	-0.435820	0.739459	0.000180	-0.001254	-0.673200	img__0_1588269414199687000.png
1588269414098	-7.021342	-5.824317	-0.518405	0.749169	0.000212	-0.001493	-0.662377	img__0_1588269414283084800.png
1588269414182	-7.020791	-5.824740	-0.603763	0.757611	-0.016585	-0.021112	-0.652153	img__0_1588269414367019900.png
1588269414272	-7.019361	-5.829599	-0.681728	0.757300	-0.087913	-0.104415	-0.638643	img__0_1588269414455417200.png
1588269414359	-7.015296	-5.849792	-0.742196	0.760567	-0.095562	-0.113226	-0.632128	img__0_1588269414542581300.png
1588269414443	-7.008444	-5.885772	-0.786368	0.769527	-0.053637	-0.063699	-0.633161	img__0_1588269414628116100.png
1588269414530	-6.999443	-5.933377	-0.819205	0.773702	-0.029787	-0.036019	-0.631823	img__0_1588269414714973900.png
1588269414617	-6.989274	-5.986948	-0.839717	0.775951	-0.016463	-0.020761	-0.630237	img__0_1588269414800486100.png
1588269414701	-6.978753	-6.041876	-0.848116	0.777302	-0.009195	-0.012517	-0.628936	img__0_1588269414886456000.png
1588269414791	-6.966965	-6.102709	-0.844794	0.778279	-0.004841	-0.007616	-0.627853	img__0_1588269414972702900.png
1588269414875	-6.955611	-6.160553	-0.830229	0.778927	-0.002580	-0.005086	-0.627089	img__0_1588269415056927700.png
1588269414959	-6.943985	-6.219004	-0.804643	0.779408	-0.001295	-0.003654	-0.626505	img__0_1588269415143769200.png
1588269415046	-6.931697	-6.279936	-0.766607	0.779785	-0.000544	-0.002822	-0.626041	img__0_1588269415229381000.png
1588269415127	-6.920050	-6.336901	-0.720792	0.780059	-0.000148	-0.002385	-0.625701	img__0_1588269415313009000.png
1588269415214	-6.907304	-6.398281	-0.668415	0.780294	0.000094	-0.002118	-0.625409	img__0_1588269415399652200.png
1588269415298	-6.894636	-6.457790	-0.654603	0.780752	-0.000114	-0.002334	-0.624837	img__0_1588269415481941100.png
1588269415382	-6.881506	-6.518426	-0.667619	0.780638	-0.048406	-0.054477	-0.620721	img__0_1588269415567132300.png
1588269415466	-6.867049	-6.586454	-0.673582	0.781128	-0.060872	-0.062890	-0.618206	img__0_1588269415652096500.png
1588269415550	-6.851207	-6.664585	-0.667426	0.784016	-0.039887	-0.032171	-0.618622	img__0_1588269415735079300.png
1588269415637	-6.834658	-6.752017	-0.649020	0.785420	-0.027751	-0.014462	-0.618172	img__0_1588269415820416400.png
1588269415721	-6.819325	-6.840194	-0.619902	0.786196	-0.020984	-0.004658	-0.617603	img__0_1588269415905224500.png
1588269415808	-6.804578	-6.933922	-0.578157	0.786729	-0.017060	0.001022	-0.617062	img__0_1588269415993577500.png
1588269415895	-6.791248	-7.029243	-0.524776	0.787115	-0.014882	0.004168	-0.616613	img__0_1588269416078579300.png
1588269415979	-6.779864	-7.122342	-0.462358	0.787401	-0.013705	0.005867	-0.616261	img__0_1588269416163199100.png
1588269416060	-6.770348	-7.212877	-0.392217	0.787623	-0.013058	0.006802	-0.615982	img__0_1588269416245590100.png
1588269416147	-6.761774	-7.310811	-0.306205	0.787818	-0.012665	0.007369	-0.615733	img__0_1588269416333236800.png
1588269416231	-6.755153	-7.405974	-0.213274	0.787977	-0.012453	0.007674	-0.615531	img__0_1588269416413522000.png
1588269416315	-6.756777	-7.395220	-0.233282	0.788468	-0.012323	0.007595	-0.614905	img__0_1588269416500378100.png
1588269416396	-6.757654	-7.395621	-0.244864	0.790678	-0.012270	0.007695	-0.612060	img__0_1588269416580595300.png
1588269416480	-6.758219	-7.402121	-0.242291	0.792568	-0.012252	0.007763	-0.609611	img__0_1588269416665581900.png
1588269416564	-6.758711	-7.399065	-0.240252	0.793334	-0.012252	0.007755	-0.608615	img__0_1588269416750144300.png
1588269416651	-6.759223	-7.397898	-0.237797	0.793426	-0.012255	0.007726	-0.608494	img__0_1588269416834717000.png
1588269416732	-6.759500	-7.394146	-0.237492	0.793137	-0.012255	0.007684	-0.608871	img__0_1588269416918224700.png
1588269416816	-6.759778	-7.390706	-0.241018	0.792666	-0.012254	0.007666	-0.609484	img__0_1588269417000301600.png
1588269416900	-6.761095	-7.394962	-0.251688	0.792974	-0.012272	0.007743	-0.609083	img__0_1588269417085325400.png
1588269416984	-6.771983	-7.464660	-0.268323	0.794666	-0.012241	0.007866	-0.606872	img__0_1588269417168132100.png
1588269417065	-6.784167	-7.532454	-0.280417	0.796082	-0.012241	0.007912	-0.605014	img__0_1588269417250972200.png
1588269417149	-6.798335	-7.603413	-0.282053	0.796807	-0.037269	-0.025121	-0.602561	img__0_1588269417335228000.png
1588269417236	-6.813257	-7.682527	-0.271674	0.793860	-0.079756	-0.081484	-0.597315	img__0_1588269417420383700.png
1588269417326	-6.806865	-7.658112	-0.299823	0.797524	-0.049590	-0.041532	-0.599810	img__0_1588269417510482100.png
1588269417413	-6.812867	-7.713315	-0.296293	0.798772	-0.033191	-0.019793	-0.600392	img__0_1588269417597570200.png
1588269417497	-6.819089	-7.771362	-0.281422	0.799284	-0.024168	-0.007835	-0.600416	img__0_1588269417682820400.png
1588269417584	-6.826519	-7.834502	-0.254311	0.799572	-0.018905	-0.000862	-0.600273	img__0_1588269417768001900.png
1588269417665	-6.826942	-7.835384	-0.251300	0.799698	-0.016259	0.002548	-0.600176	img__0_1588269417851288300.png
1588269417749	-6.828405	-7.843242	-0.244207	0.799513	-0.014685	0.004545	-0.600452	img__0_1588269417933929400.png
1588269417839	-6.829025	-7.844503	-0.240944	0.799121	-0.013678	0.005809	-0.600987	img__0_1588269418024224400.png
1588269417926	-6.830020	-7.847438	-0.236092	0.798622	-0.013109	0.006503	-0.601655	img__0_1588269418110048900.png
1588269418010	-6.826002	-7.827908	-0.255353	0.798617	0.000000	0.000000	-0.601839	img__0_1588269418196641600.png
1588269418097	-6.826002	-7.827908	-0.255353	0.798617	0.000000	0.000000	-0.601839	img__0_1588269418282018100.png
1588269418178	-6.826002	-7.827908	-0.255353	0.798617	0.000000	0.000000	-0.601839	img__0_1588269418364686800.png
1588269418265	-6.826002	-7.827908	-0.255353	0.798617	0.000000	0.000000	-0.601839	img__0_1588269418449052700.png
1588269418346	-6.826002	-7.827908	-0.255353	0.798617	0.000000	0.000000	-0.601839	img__0_1588269418532689400.png
1588269418430	-6.826002	-7.827908	-0.255353	0.798617	0.000000	0.000000	-0.601839	img__0_1588269418616646300.png
1588269418514	-6.826002	-7.827908	-0.255353	0.798617	0.000000	0.000000	-0.601839	img__0_1588269418699975000.png
1588269418598	-6.826002	-7.827908	-0.255353	0.798617	0.000000	0.000000	-0.601839	img__0_1588269418782360400.png
1588269418682	-6.826002	-7.827908	-0.255353	0.798617	0.000000	0.000000	-0.601839	img__0_1588269418867947900.png
1588269418766	-6.826002	-7.827908	-0.255353	0.798617	0.000000	0.000000	-0.601839	img__0_1588269418951584400.png
