TimeStamp	POS_X	POS_Y	POS_Z	Q_W	Q_X	Q_Y	Q_Z	ImageFile
1557312862938	0.000000	0.000000	-0.146496	1.000000	0.000000	0.000000	0.000122	img__0_1557312866289076900.png
1557312863055	0.000000	0.000000	-0.146496	1.000000	0.000000	0.000000	0.000122	img__0_1557312866405920500.png
1557312863172	0.000000	0.000000	-0.146496	1.000000	0.000000	0.000000	0.000122	img__0_1557312866521150000.png
1557312863289	0.000000	0.000000	-0.146496	1.000000	0.000000	0.000000	0.000122	img__0_1557312866639902200.png
1557312863403	0.000000	0.000000	-0.146496	1.000000	0.000000	0.000000	0.000122	img__0_1557312866753201300.png
1557312863517	0.000000	0.000000	-0.146496	1.000000	0.000000	0.000000	0.000122	img__0_1557312866868375500.png
1557312863632	0.000000	0.000000	-0.146496	1.000000	0.000000	0.000000	0.000122	img__0_1557312866982430700.png
1557312863746	0.000000	0.000000	-0.146496	1.000000	0.000000	0.000000	0.000122	img__0_1557312867095472500.png
1557312863860	0.000000	0.000000	-0.146496	1.000000	0.000000	0.000000	0.000122	img__0_1557312867208913200.png
1557312863971	0.000000	0.000000	-0.146496	1.000000	0.000000	0.000000	0.000122	img__0_1557312867321519500.png
1557312864088	0.000000	0.000000	-0.146496	1.000000	0.000000	0.000000	0.000122	img__0_1557312867436178400.png
1557312864205	0.000000	0.000000	-0.146541	1.000000	0.000245	-0.000168	0.000132	img__0_1557312867553682600.png
1557312864316	0.000050	0.000065	-0.149236	0.999999	0.000860	-0.000691	0.000364	img__0_1557312867666404300.png
1557312864430	0.000284	0.000360	-0.163311	0.999999	0.001164	-0.000934	0.000838	img__0_1557312867779630800.png
1557312864544	0.000792	0.000998	-0.198672	0.999998	0.001305	-0.001046	0.001465	img__0_1557312867893447400.png
1557312864658	0.001615	0.002029	-0.258338	0.999996	0.001371	-0.001097	0.002188	img__0_1557312868006780400.png
1557312864772	0.002752	0.003456	-0.334912	0.999994	0.001402	-0.001120	0.002974	img__0_1557312868120762500.png
1557312864886	0.004184	0.005253	-0.416052	0.999991	0.001417	-0.001131	0.003799	img__0_1557312868234745000.png
1557312865000	0.005891	0.007398	-0.492108	0.999988	0.001425	-0.001135	0.004650	img__0_1557312868350149400.png
1557312865117	0.007921	0.009951	-0.560728	0.999983	0.001429	-0.001136	0.005540	img__0_1557312868466944400.png
1557312865234	0.010223	0.012854	-0.615990	0.999964	0.005490	-0.001110	0.006445	img__0_1557312868585373900.png
1557312865357	0.012908	0.017712	-0.655494	0.999051	0.042919	-0.000851	0.007436	img__0_1557312868705952200.png
1557312865471	0.015527	0.031239	-0.673101	0.997108	0.075533	-0.000607	0.008349	img__0_1557312868821415000.png
1557312865588	0.018214	0.061933	-0.671535	0.995806	0.091022	-0.000458	0.009276	img__0_1557312868939252900.png
1557312865705	0.020808	0.114689	-0.656436	0.994948	0.099867	-0.000328	0.010203	img__0_1557312869056792700.png
1557312865825	0.023285	0.195427	-0.633534	0.994311	0.105931	-0.000198	0.011157	img__0_1557312869176128000.png
1557312865945	0.025487	0.306200	-0.610949	0.996307	0.085006	-0.000364	0.012106	img__0_1557312869294790500.png
1557312866065	0.027490	0.442977	-0.599431	0.999016	0.042382	-0.000791	0.013033	img__0_1557312869414793300.png
1557312866185	0.029558	0.594163	-0.608640	0.999707	0.019756	-0.000998	0.013959	img__0_1557312869534897600.png
1557312866308	0.031930	0.756387	-0.649065	0.999843	0.009503	-0.001078	0.014916	img__0_1557312869656671400.png
1557312866425	0.034504	0.913994	-0.719279	0.999861	0.005140	-0.001106	0.015831	img__0_1557312869776114700.png
1557312866542	0.037421	1.073224	-0.820901	0.999854	0.003140	-0.001116	0.016748	img__0_1557312869892658800.png
1557312866659	0.040691	1.233353	-0.951806	0.999841	0.002223	-0.001119	0.017666	img__0_1557312870010386600.png
1557312866779	0.044388	1.398118	-1.102095	0.999820	0.001835	-0.003215	0.018604	img__0_1557312870127459700.png
1557312866893	0.048874	1.554963	-1.240715	0.999737	0.001813	-0.011966	0.019482	img__0_1557312870243819400.png
1557312867010	0.056139	1.716231	-1.366444	0.999650	0.001820	-0.016760	0.020391	img__0_1557312870360803600.png
1557312867127	0.067097	1.877800	-1.469978	0.999570	0.001853	-0.020047	0.021303	img__0_1557312870478614300.png
1557312867247	0.082964	2.043853	-1.553329	0.999511	0.001885	-0.021905	0.022241	img__0_1557312870596081500.png
1557312867367	0.103996	2.210274	-1.614039	0.999471	0.001910	-0.022725	0.023182	img__0_1557312870715859500.png
1557312867487	0.130418	2.377082	-1.652469	0.999440	0.001933	-0.023088	0.024125	img__0_1557312870836741100.png
1557312867604	0.161464	2.540106	-1.668710	0.999414	0.001954	-0.023246	0.025044	img__0_1557312870955255600.png
1557312867724	0.198770	2.707716	-1.663706	0.999388	0.001976	-0.023318	0.025986	img__0_1557312871075391400.png
1557312867844	0.241625	2.875748	-1.636810	0.999363	0.001998	-0.023349	0.026929	img__0_1557312871193514000.png
1557312867961	0.288790	3.039964	-1.589639	0.999253	-0.002407	-0.026796	0.027734	img__0_1557312871312606200.png
1557312868084	0.345117	3.211776	-1.517970	0.998469	-0.023575	-0.041402	0.028118	img__0_1557312871432389200.png
1557312868204	0.410427	3.373882	-1.430208	0.997283	-0.040925	-0.054188	0.028541	img__0_1557312871554128700.png
1557312868324	0.490896	3.525094	-1.339420	0.996368	-0.051823	-0.060993	0.029082	img__0_1557312871674657500.png
1557312868447	0.591942	3.665135	-1.248347	0.995799	-0.057359	-0.064836	0.029849	img__0_1557312871797726000.png
1557312868570	0.713582	3.787882	-1.163273	0.995520	-0.059728	-0.066548	0.030724	img__0_1557312871919881500.png
1557312868690	0.853090	3.889895	-1.089089	0.995381	-0.060711	-0.067316	0.031628	img__0_1557312872041090800.png
1557312868810	1.013602	3.973951	-1.024892	0.995300	-0.061115	-0.067691	0.032556	img__0_1557312872162018000.png
1557312868933	1.200563	4.040919	-0.973205	0.995222	-0.061645	-0.067907	0.033494	img__0_1557312872284205400.png
1557312869056	1.411256	4.087491	-0.942646	0.995123	-0.062568	-0.068060	0.034403	img__0_1557312872405246900.png
1557312869173	1.634216	4.112195	-0.936631	0.995062	-0.062927	-0.068157	0.035303	img__0_1557312872525379800.png
1557312869296	1.892287	4.117465	-0.954353	0.995014	-0.063061	-0.068236	0.036266	img__0_1557312872645827600.png
1557312869416	2.166091	4.103292	-0.985934	0.994972	-0.063083	-0.068305	0.037214	img__0_1557312872767285700.png
1557312869539	2.466747	4.071164	-1.015160	0.994933	-0.063056	-0.068370	0.038189	img__0_1557312872890727200.png
1557312869662	2.786665	4.022069	-1.034561	0.995613	-0.059641	-0.060673	0.038932	img__0_1557312873012629700.png
1557312869803	3.171253	3.948285	-1.029085	0.998321	-0.032992	-0.026765	0.039382	img__0_1557312873152692800.png
1557312869929	3.522773	3.872760	-0.998073	0.999028	-0.013197	-0.012017	0.040308	img__0_1557312873278587300.png
1557312870049	3.860083	3.798005	-0.946257	0.998149	0.044428	0.000679	0.041529	img__0_1557312873396544300.png
1557312870163	4.179357	3.736351	-0.876773	0.988605	0.142423	0.023374	0.042771	img__0_1557312873515225200.png
1557312870286	4.516150	3.703269	-0.776206	0.978971	0.195261	0.039387	0.044009	img__0_1557312873638280000.png
1557312870415	4.856437	3.718401	-0.638880	0.991533	0.119375	0.023878	0.045198	img__0_1557312873765844000.png
1557312870538	5.172143	3.765132	-0.482861	0.997506	0.052759	0.009757	0.045858	img__0_1557312873888800400.png
1557312870658	5.476206	3.824763	-0.313370	0.998614	0.024465	0.003736	0.046453	img__0_1557312874008413500.png
1557312870775	5.770687	3.889650	-0.143922	0.998816	0.012017	0.001103	0.047135	img__0_1557312874126667300.png
1557312870892	5.680779	3.870842	-0.200278	0.998767	0.006430	-0.000056	0.049218	img__0_1557312874243797900.png
1557312871012	5.681262	3.871445	-0.204057	0.998595	0.003717	-0.000626	0.052854	img__0_1557312874361616100.png
1557312871135	5.660841	3.866765	-0.216603	0.998365	0.002411	-0.000894	0.057105	img__0_1557312874485124800.png
1557312871255	5.680659	3.871710	-0.210730	0.998096	0.001881	-0.001006	0.061641	img__0_1557312874605941600.png
1557312871369	5.660429	3.866846	-0.220587	0.997828	0.001605	-0.001066	0.065840	img__0_1557312874720684800.png
1557312871486	5.667218	3.868560	-0.213477	0.997540	0.001498	-0.001075	0.070082	img__0_1557312874837337900.png
1557312871603	5.667037	3.868560	-0.207542	0.997247	0.001443	-0.001062	0.074133	img__0_1557312874954222700.png
1557312871717	5.658096	3.866411	-0.212120	0.996963	0.001398	-0.001047	0.077853	img__0_1557312875069916800.png
1557312871834	5.654003	3.865472	-0.219810	0.996675	0.001404	-0.001045	0.081464	img__0_1557312875185562000.png
1557312871951	5.654043	3.865578	-0.229878	0.996390	0.001430	-0.001056	0.084873	img__0_1557312875301376500.png
1557312872065	5.650334	3.864752	-0.242215	0.996118	0.001464	-0.001084	0.088006	img__0_1557312875417812500.png
1557312872182	5.783580	3.898721	-0.258138	0.995869	0.001495	-0.001045	0.090778	img__0_1557312875533275100.png
1557312872302	5.920436	3.934093	-0.310441	0.995673	0.001511	-0.001026	0.092911	img__0_1557312875652520400.png
1557312872419	6.054039	3.969088	-0.391813	0.995513	0.001123	0.003158	0.094562	img__0_1557312875770392700.png
1557312872539	6.189631	4.005103	-0.473942	0.995039	-0.001065	0.026180	0.095970	img__0_1557312875889582000.png
1557312872656	6.172209	3.998533	-0.456946	0.994095	-0.003027	0.046778	0.097868	img__0_1557312876008811200.png
1557312872779	6.184232	4.001033	-0.456047	0.992450	-0.005366	0.070227	0.100408	img__0_1557312876129598400.png
1557312872899	6.215234	4.007944	-0.458315	0.991265	-0.006660	0.082189	0.102930	img__0_1557312876249912900.png
1557312873022	6.284350	4.023739	-0.447148	0.991985	-0.005507	0.069568	0.105338	img__0_1557312876372452200.png
1557312873142	6.305182	4.028850	-0.430174	0.992851	-0.003876	0.052453	0.107151	img__0_1557312876493743400.png
1557312873268	6.344485	4.039105	-0.371390	0.993721	-0.001202	0.026272	0.108755	img__0_1557312876619055800.png
1557312873388	6.352256	4.041419	-0.344315	0.993869	0.000310	0.011420	0.109975	img__0_1557312876739800700.png
1557312873508	6.362710	4.044492	-0.306387	0.993809	0.000952	0.004845	0.110997	img__0_1557312876860774900.png
1557312873628	6.370536	4.046912	-0.269146	0.993710	0.001264	0.001663	0.111970	img__0_1557312876980106100.png
1557312873748	6.379237	4.049654	-0.226654	0.993609	0.001392	0.000227	0.112870	img__0_1557312877101192900.png
1557312873874	6.375318	4.048434	-0.252635	0.993571	0.000665	-0.000407	0.113209	img__0_1557312877222920000.png
1557312873991	6.375408	4.048660	-0.287501	0.993525	0.001146	-0.000721	0.113606	img__0_1557312877343979400.png
1557312874108	6.375688	4.049283	-0.354104	0.993457	0.001364	-0.000859	0.114193	img__0_1557312877459944300.png
1557312874228	6.376213	4.050420	-0.455976	0.993373	0.001466	-0.000922	0.114920	img__0_1557312877579871700.png
1557312874348	6.376490	4.050959	-0.500521	0.993285	0.001514	-0.000934	0.115681	img__0_1557312877699188900.png
1557312874465	6.376868	4.051634	-0.557729	0.993204	0.001557	-0.000905	0.116375	img__0_1557312877818366000.png
1557312874585	6.377262	4.052273	-0.604219	0.993057	0.011428	0.000268	0.117075	img__0_1557312877936578400.png
1557312874702	6.377241	4.054537	-0.637860	0.990556	0.070163	0.007200	0.117576	img__0_1557312878054813100.png
1557312874825	6.401597	4.043189	-0.586726	0.984858	0.126506	0.013858	0.117723	img__0_1557312878175563700.png
1557312874945	6.399442	4.074921	-0.603209	0.988332	0.094669	0.010038	0.118898	img__0_1557312878297422100.png
1557312875068	6.397852	4.083724	-0.595751	0.991780	0.042966	0.003872	0.120464	img__0_1557312878419889400.png
1557312875188	6.420820	4.053082	-0.588088	0.992312	0.020749	0.001240	0.122001	img__0_1557312878540832500.png
1557312875311	6.448186	4.043823	-0.565405	0.992319	0.009997	-0.000007	0.123304	img__0_1557312878661919100.png
1557312875428	6.473813	4.038087	-0.551720	0.992215	0.005428	-0.000528	0.124415	img__0_1557312878780127300.png
1557312875548	6.500028	4.033983	-0.554656	0.992091	0.003298	-0.000766	0.125477	img__0_1557312878899706400.png
1557312875665	6.526169	4.031180	-0.578807	0.991433	0.002838	-0.033316	0.126263	img__0_1557312879018748100.png
1557312875785	6.563499	4.030555	-0.624019	0.987274	0.000493	-0.096533	0.126374	img__0_1557312879136931800.png
1557312875905	6.628979	4.033701	-0.681633	0.986874	-0.005392	-0.100279	0.126467	img__0_1557312879259407200.png
1557312876028	6.725659	4.039192	-0.746409	0.990785	-0.005039	-0.045748	0.127383	img__0_1557312879380194200.png
1557312876148	6.833339	4.044822	-0.798880	0.991506	-0.001380	-0.020792	0.128380	img__0_1557312879500555900.png
1557312876265	6.943277	4.051239	-0.829602	0.989898	0.056603	0.003526	0.129946	img__0_1557312879619322800.png
1557312876391	7.058262	4.072064	-0.838201	0.978184	0.140174	0.073954	0.134306	img__0_1557312879743594000.png
1557312876508	7.144919	4.119889	-0.819023	0.964975	0.165635	0.146204	0.141463	img__0_1557312879860971000.png
1557312876634	7.197245	4.206433	-0.763208	0.963366	0.147094	0.167880	0.148681	img__0_1557312879985781600.png
1557312876745	7.203649	4.308768	-0.683494	0.979106	0.087628	0.102864	0.151959	img__0_1557312880099490400.png
1557312876865	7.183347	4.435918	-0.572249	0.986443	0.039830	0.045548	0.152544	img__0_1557312880217804000.png
1557312876985	7.149782	4.571286	-0.440208	0.987922	0.018750	0.019813	0.152529	img__0_1557312880338150600.png
1557312877105	7.109803	4.710929	-0.303419	0.988222	0.006490	0.006370	0.152757	img__0_1557312880458400900.png
1557312877225	7.068230	4.851554	-0.173932	0.986160	-0.049464	-0.041438	0.152721	img__0_1557312880577771700.png
1557312877345	7.089420	4.791827	-0.292522	0.979448	-0.111791	-0.074179	0.150604	img__0_1557312880696512300.png
1557312877465	7.100123	4.826965	-0.359047	0.980785	-0.113778	-0.055329	0.148507	img__0_1557312880818034400.png
1557312877588	7.132068	4.833446	-0.423021	0.987020	-0.051860	-0.024988	0.149926	img__0_1557312880940655300.png
1557312877708	7.173135	4.825219	-0.483090	0.988245	-0.022482	-0.011644	0.150764	img__0_1557312881060129000.png
1557312877828	7.218890	4.810492	-0.549281	0.988394	-0.009250	-0.005695	0.151525	img__0_1557312881179295200.png
1557312877945	7.265639	4.793544	-0.619152	0.988323	-0.003390	-0.003087	0.152306	img__0_1557312881298928200.png
1557312878065	7.314555	4.775325	-0.679621	0.988201	-0.000654	-0.001881	0.153149	img__0_1557312881419270600.png
1557312878185	7.363980	4.756983	-0.727042	0.988066	0.000578	-0.001343	0.154024	img__0_1557312881539156200.png
1557312878305	7.413752	4.738850	-0.774089	0.987920	0.003692	-0.000702	0.154922	img__0_1557312881658500100.png
1557312878425	7.463399	4.723123	-0.822731	0.983075	0.097304	-0.004285	0.155166	img__0_1557312881777328500.png
1557312878545	7.509724	4.733303	-0.870762	0.977988	0.136785	0.003461	0.157536	img__0_1557312881896798900.png
1557312878665	7.549969	4.778655	-0.912346	0.985276	0.060231	0.000773	0.160007	img__0_1557312882017974400.png
1557312878785	7.587270	4.840576	-0.941022	0.986524	0.026498	-0.000395	0.161459	img__0_1557312882139111500.png
1557312878905	7.623462	4.909688	-0.956030	0.986621	0.011387	-0.000902	0.162633	img__0_1557312882259229700.png
1557312879025	7.659350	4.981915	-0.957635	0.986499	0.004599	-0.001128	0.163700	img__0_1557312882379106600.png
1557312879145	7.695296	5.055426	-0.945889	0.986339	0.001549	-0.001230	0.164714	img__0_1557312882498378700.png
1557312879262	7.730558	5.127546	-0.921565	0.986180	0.000202	-0.001275	0.165672	img__0_1557312882616935300.png
1557312879382	7.767008	5.201605	-0.880591	0.986017	-0.001171	-0.001423	0.166633	img__0_1557312882736596000.png
1557312879502	7.803935	5.275114	-0.818615	0.985551	-0.024560	-0.005349	0.167503	img__0_1557312882856688200.png
1557312879622	7.843015	5.343255	-0.735424	0.984353	-0.051445	-0.009905	0.168237	img__0_1557312882975933500.png
1557312879742	7.886457	5.399734	-0.631044	0.983091	-0.069374	-0.012971	0.168968	img__0_1557312883095712100.png
1557312879862	7.935513	5.441045	-0.505629	0.984548	-0.040347	-0.008000	0.170215	img__0_1557312883216409000.png
1557312879982	7.988290	5.472576	-0.360398	0.985066	-0.016963	-0.004009	0.171291	img__0_1557312883337126800.png
1557312880105	8.044207	5.500521	-0.192134	0.985024	-0.006549	-0.002245	0.172279	img__0_1557312883457935500.png
1557312880222	8.022820	5.490184	-0.258155	0.984948	0.000000	0.000000	0.172849	img__0_1557312883575954500.png
1557312880342	8.022820	5.490184	-0.258155	0.984948	0.000000	0.000000	0.172849	img__0_1557312883694736500.png
1557312880459	8.022820	5.490184	-0.258155	0.984948	0.000000	0.000000	0.172849	img__0_1557312883813003000.png
1557312880576	8.022820	5.490184	-0.258155	0.984948	0.000000	0.000000	0.172849	img__0_1557312883931245600.png
1557312880693	8.022820	5.490184	-0.258155	0.984948	0.000000	0.000000	0.172849	img__0_1557312884048746500.png
1557312880813	8.022820	5.490184	-0.258155	0.984948	0.000000	0.000000	0.172849	img__0_1557312884167666800.png
1557312880933	8.022820	5.490184	-0.258155	0.984948	0.000000	0.000000	0.172849	img__0_1557312884286309600.png
1557312881053	8.022820	5.490184	-0.258155	0.984948	0.000000	0.000000	0.172849	img__0_1557312884405980200.png
1557312881170	8.022820	5.490184	-0.258155	0.984948	0.000000	0.000000	0.172849	img__0_1557312884524434600.png
1557312881287	8.022820	5.490184	-0.258155	0.984948	0.000000	0.000000	0.172849	img__0_1557312884641345000.png
1557312881404	8.022820	5.490184	-0.258155	0.984948	0.000000	0.000000	0.172849	img__0_1557312884759248500.png
1557312881521	8.022820	5.490184	-0.258155	0.984948	0.000000	0.000000	0.172849	img__0_1557312884876690100.png
1557312881641	8.022820	5.490184	-0.258155	0.984948	0.000000	0.000000	0.172849	img__0_1557312884994388900.png
1557312881758	8.022820	5.490184	-0.258155	0.984948	0.000000	0.000000	0.172849	img__0_1557312885112218200.png
