TimeStamp	POS_X	POS_Y	POS_Z	Q_W	Q_X	Q_Y	Q_Z	ImageFile
1588190323988	0.000000	0.000000	-0.146496	1.000000	0.000000	0.000000	-0.000089	img__0_1588190326994560500.png
1588190324072	0.000000	0.000000	-0.146496	1.000000	0.000000	0.000000	-0.000089	img__0_1588190327079860900.png
1588190324156	0.000000	0.000000	-0.146496	1.000000	0.000000	0.000000	-0.000089	img__0_1588190327163573400.png
1588190324246	0.000002	-0.000011	-0.148682	0.999998	-0.001791	-0.000344	0.000616	img__0_1588190327250990700.png
1588190324333	0.000064	-0.000327	-0.173890	0.999958	-0.003446	-0.000686	0.008454	img__0_1588190327340767700.png
1588190324420	0.000275	-0.001359	-0.231881	0.999696	-0.004458	-0.000877	0.024233	img__0_1588190327427725100.png
1588190324513	0.000722	-0.003460	-0.326110	0.998961	-0.005034	-0.001012	0.045287	img__0_1588190327517473900.png
1588190324600	0.001310	-0.006113	-0.407503	0.998200	-0.005314	-0.001142	0.059727	img__0_1588190327606728500.png
1588190324690	0.002102	-0.009520	-0.477048	0.997532	-0.005464	-0.001265	0.069987	img__0_1588190327695691000.png
1588190324780	0.003234	-0.013602	-0.532047	0.995675	-0.001686	-0.051780	0.077122	img__0_1588190327787288900.png
1588190324870	0.010797	-0.017417	-0.572220	0.984966	0.012941	-0.151202	0.082536	img__0_1588190327876411200.png
1588190324960	0.036258	-0.016757	-0.595635	0.976664	0.109971	-0.153506	0.102325	img__0_1588190327965323300.png
1588190325053	0.087376	0.006857	-0.623102	0.973794	0.169809	-0.089759	0.121791	img__0_1588190328058045600.png
1588190325143	0.153353	0.065136	-0.672337	0.986401	0.094516	-0.050655	0.124553	img__0_1588190328148665100.png
1588190325233	0.228994	0.149108	-0.761523	0.990512	0.047840	-0.028703	0.125594	img__0_1588190328240970400.png
1588190325326	0.312245	0.247824	-0.875308	0.991676	0.021126	-0.016432	0.125947	img__0_1588190328331778400.png
1588190325416	0.395047	0.346906	-0.972907	0.989509	0.014932	-0.071198	0.124818	img__0_1588190328423231300.png
1588190325509	0.489723	0.452497	-1.056593	0.977827	0.019860	-0.169228	0.121745	img__0_1588190328514277800.png
1588190325599	0.601583	0.559667	-1.118088	0.967820	0.022420	-0.220487	0.119195	img__0_1588190328607180200.png
1588190325695	0.749846	0.680520	-1.159952	0.976056	0.014113	-0.182057	0.118197	img__0_1588190328700917300.png
1588190325791	0.923770	0.806506	-1.179601	0.988416	0.000754	-0.095950	0.117590	img__0_1588190328796968600.png
1588190325884	1.106172	0.930373	-1.181467	0.991778	-0.006138	-0.052629	0.116484	img__0_1588190328889904300.png
1588190325983	1.308465	1.062209	-1.166390	0.992877	-0.010077	-0.028344	0.115284	img__0_1588190328987940400.png
1588190326073	1.496371	1.181103	-1.137766	0.993240	-0.011989	-0.016717	0.114238	img__0_1588190329079685100.png
1588190326166	1.692809	1.302503	-1.093453	0.993434	-0.013070	-0.010230	0.113194	img__0_1588190329173682600.png
1588190326259	1.890634	1.422154	-1.034374	0.993572	-0.013654	-0.006764	0.112171	img__0_1588190329266162800.png
1588190326352	2.089349	1.539909	-0.960780	0.993693	-0.013971	-0.004908	0.111156	img__0_1588190329358111600.png
1588190326442	2.282328	1.651795	-0.882855	0.993804	-0.014139	-0.003935	0.110178	img__0_1588190329448424500.png
1588190326532	2.476289	1.760450	-0.840700	0.993912	-0.014232	-0.003399	0.109200	img__0_1588190329539281600.png
1588190326625	2.677117	1.868833	-0.846618	0.992881	-0.019815	0.047738	0.107317	img__0_1588190329631446500.png
1588190326721	2.870343	1.973604	-0.897523	0.981666	-0.031383	0.157010	0.103415	img__0_1588190329726863000.png
1588190326808	3.009344	2.057076	-0.985861	0.971482	-0.036715	0.211613	0.100469	img__0_1588190329816152500.png
1588190326898	3.102117	2.128973	-1.115350	0.965610	-0.038831	0.237537	0.098312	img__0_1588190329906162100.png
1588190326985	3.149299	2.186849	-1.252390	0.982718	-0.029886	0.152714	0.100256	img__0_1588190329992573400.png
1588190327072	3.176929	2.238889	-1.373805	0.991222	-0.022774	0.081978	0.101197	img__0_1588190330080153400.png
1588190327165	3.195621	2.290344	-1.486306	0.993923	-0.018557	0.039460	0.101071	img__0_1588190330171167600.png
1588190327255	3.208470	2.337123	-1.579255	0.994654	-0.016366	0.017306	0.100477	img__0_1588190330263221700.png
1588190327348	3.219470	2.383020	-1.659420	0.994993	0.006561	0.007133	0.099469	img__0_1588190330354563800.png
1588190327441	3.229104	2.430651	-1.723643	0.988505	0.115230	0.011295	0.097226	img__0_1588190330446500000.png
1588190327528	3.235467	2.488250	-1.767945	0.980373	0.172139	0.013529	0.095150	img__0_1588190330534298200.png
1588190327621	3.238627	2.570473	-1.797065	0.990256	0.102105	0.004720	0.094575	img__0_1588190330626767800.png
1588190327714	3.239671	2.667216	-1.809248	0.994068	0.055376	-0.000944	0.093599	img__0_1588190330717817400.png
1588190327801	3.240020	2.765078	-1.806508	0.995178	0.032148	-0.003801	0.092589	img__0_1588190330809499200.png
1588190327897	3.240503	2.877692	-1.788031	0.995630	0.017939	-0.005556	0.091480	img__0_1588190330902164100.png
1588190327996	3.241595	2.996718	-1.752181	0.995835	0.010314	-0.006507	0.090359	img__0_1588190330999081200.png
1588190328080	3.243203	3.099070	-1.708533	0.995946	0.006803	-0.006949	0.089422	img__0_1588190331086803400.png
1588190328170	3.245733	3.209613	-1.648464	0.996046	0.004692	-0.007218	0.088427	img__0_1588190331178512500.png
1588190328263	3.249309	3.324512	-1.573156	0.996140	0.003501	-0.007371	0.087403	img__0_1588190331270719300.png
1588190328353	3.254132	3.436415	-1.515513	0.996227	0.002872	-0.007453	0.086416	img__0_1588190331360263200.png
1588190328446	3.261073	3.552918	-1.508320	0.996316	0.002515	-0.007500	0.085396	img__0_1588190331452321500.png
1588190328533	3.269025	3.662461	-1.524721	0.996397	0.002328	-0.007525	0.084443	img__0_1588190331539968600.png
1588190328623	3.278234	3.776094	-1.530198	0.996480	0.002218	-0.007541	0.083457	img__0_1588190331629283000.png
1588190328716	3.288803	3.893828	-1.523587	0.996565	0.002153	-0.007551	0.082438	img__0_1588190331722503600.png
1588190328806	3.300478	4.008219	-1.534289	0.996646	0.002115	-0.007557	0.081452	img__0_1588190331812629800.png
1588190328896	3.313950	4.123188	-1.587106	0.996727	0.002091	-0.007561	0.080466	img__0_1588190331901974000.png
1588190328983	3.328060	4.234634	-1.635831	0.996803	0.002074	-0.007564	0.079512	img__0_1588190331992280000.png
1588190329073	3.343606	4.350180	-1.672097	0.996881	0.002062	-0.007567	0.078526	img__0_1588190332081203800.png
1588190329166	3.360688	4.469848	-1.694613	0.996961	0.002051	-0.007570	0.077506	img__0_1588190332170831700.png
1588190329253	3.377607	4.582040	-1.701995	0.997029	-0.003919	-0.008030	0.076506	img__0_1588190332261986000.png
1588190329346	3.396978	4.700397	-1.695236	0.992446	-0.096367	-0.015051	0.074413	img__0_1588190332353474200.png
1588190329436	3.418503	4.803368	-1.673391	0.991997	-0.101592	-0.015520	0.073347	img__0_1588190332444624700.png
1588190329532	3.445042	4.897491	-1.638858	0.995787	-0.054268	-0.011975	0.072941	img__0_1588190332538832700.png
1588190329622	3.473626	4.973155	-1.639168	0.996922	-0.028781	-0.010029	0.072231	img__0_1588190332629052800.png
1588190329712	3.504969	5.041979	-1.670356	0.997298	-0.014918	-0.008950	0.071373	img__0_1588190332718156600.png
1588190329802	3.537713	5.108620	-1.691149	0.997454	-0.007291	-0.008346	0.070450	img__0_1588190332810646000.png
1588190329895	3.572765	5.176479	-1.697767	0.997504	-0.003373	-0.012190	0.069472	img__0_1588190332901659500.png
1588190329985	3.609652	5.241706	-1.689710	0.991640	-0.011507	-0.108950	0.068172	img__0_1588190332992865500.png
1588190330078	3.663375	5.308568	-1.669503	0.981350	-0.016996	-0.179655	0.066238	img__0_1588190333086866000.png
1588190330168	3.747277	5.372406	-1.662523	0.991804	-0.009640	-0.109156	0.065703	img__0_1588190333176233400.png
1588190330255	3.847174	5.433638	-1.655834	0.995979	-0.004720	-0.061744	0.064745	img__0_1588190333263648500.png
1588190330345	3.958801	5.496852	-1.635005	0.997392	-0.001841	-0.034062	0.063599	img__0_1588190333353967700.png
1588190330435	4.075017	5.560072	-1.599954	0.997867	-0.000321	-0.019025	0.062443	img__0_1588190333441784400.png
1588190330525	4.193790	5.623045	-1.551048	0.995836	-0.066775	-0.014945	0.060234	img__0_1588190333530867900.png
1588190330612	4.310861	5.676352	-1.490520	0.987750	-0.144213	-0.015302	0.057601	img__0_1588190333620629100.png
1588190330705	4.439618	5.711355	-1.424443	0.993476	-0.098369	-0.010088	0.056804	img__0_1588190333713832100.png
1588190330801	4.576505	5.721848	-1.392533	0.997026	-0.052618	-0.005969	0.055990	img__0_1588190333809561700.png
1588190330891	4.706692	5.720005	-1.379604	0.998081	-0.028039	-0.003777	0.055076	img__0_1588190333898619400.png
1588190330985	4.841894	5.713890	-1.353620	0.998429	-0.014427	-0.002540	0.054076	img__0_1588190333992361300.png
1588190331078	4.977463	5.705651	-1.312849	0.998534	-0.010517	-0.002049	0.053052	img__0_1588190334083890400.png
1588190331165	5.104744	5.695509	-1.271233	0.995089	-0.082265	-0.017855	0.052069	img__0_1588190334173300000.png
1588190331255	5.241047	5.668246	-1.255965	0.990440	-0.122737	-0.036143	0.051554	img__0_1588190334261447900.png
1588190331348	5.388460	5.619814	-1.243655	0.996576	-0.062831	-0.018717	0.050378	img__0_1588190334355102300.png
1588190331438	5.534125	5.564054	-1.217472	0.998146	-0.034249	-0.010864	0.049134	img__0_1588190334445737600.png
1588190331528	5.681374	5.503697	-1.177080	0.998668	-0.018051	-0.006440	0.047914	img__0_1588190334536289300.png
1588190331621	5.834435	5.438796	-1.120726	0.998860	-0.009037	-0.003956	0.046706	img__0_1588190334628058000.png
1588190331714	5.987990	5.372610	-1.049790	0.998946	0.005014	-0.002202	0.045571	img__0_1588190334717511100.png
1588190331804	6.136639	5.310289	-0.967501	0.993608	0.103720	0.002857	0.044466	img__0_1588190334809942300.png
1588190331888	6.274456	5.263533	-0.877855	0.982564	0.180727	0.006633	0.043139	img__0_1588190334894147800.png
1588190331981	6.424995	5.235523	-0.761976	0.980711	0.190757	0.007280	0.042007	img__0_1588190334987213500.png
1588190332065	6.558496	5.239311	-0.663304	0.993792	0.103160	0.003558	0.041515	img__0_1588190335072314900.png
1588190332155	6.699414	5.269277	-0.600274	0.997724	0.053766	0.001389	0.040672	img__0_1588190335162348900.png
1588190332242	6.834591	5.311706	-0.578759	0.998759	0.026630	0.000075	0.042077	img__0_1588190335249927400.png
1588190332332	6.974072	5.360147	-0.554785	0.998964	0.011181	-0.000661	0.044105	img__0_1588190335338932100.png
1588190332419	7.108788	5.408481	-0.518357	0.998973	0.002892	-0.001032	0.045205	img__0_1588190335426347900.png
1588190332503	7.238838	5.455538	-0.470900	0.998953	-0.001627	-0.001230	0.045701	img__0_1588190335511148400.png
1588190332590	7.373567	5.504094	-0.409191	0.998941	-0.004277	-0.001346	0.045796	img__0_1588190335597774600.png
1588190332683	7.517660	5.555421	-0.329331	0.998943	-0.005835	-0.001415	0.045564	img__0_1588190335689846200.png
1588190332767	7.647889	5.601078	-0.245102	0.998958	-0.006613	-0.001450	0.045145	img__0_1588190335773827200.png
1588190332854	7.682431	5.612799	-0.218080	0.998990	-0.006933	-0.001382	0.044381	img__0_1588190335861718800.png
1588190332941	7.683937	5.613012	-0.214359	0.999062	-0.007099	-0.001321	0.042693	img__0_1588190335948948600.png
1588190333028	7.682171	5.612119	-0.213160	0.999155	-0.007178	-0.001268	0.040448	img__0_1588190336036712400.png
1588190333118	7.672048	5.608525	-0.219548	0.999255	-0.007222	-0.001220	0.037904	img__0_1588190336126894600.png
1588190333208	7.638389	5.597722	-0.250946	0.999347	0.000000	0.000000	0.036134	img__0_1588190336215779100.png
1588190333295	7.638389	5.597722	-0.250946	0.999347	0.000000	0.000000	0.036134	img__0_1588190336302465700.png
1588190333382	7.638389	5.597722	-0.250946	0.999347	0.000000	0.000000	0.036134	img__0_1588190336390234000.png
1588190333469	7.638389	5.597722	-0.250946	0.999347	0.000000	0.000000	0.036134	img__0_1588190336475166500.png
1588190333553	7.638389	5.597722	-0.250946	0.999347	0.000000	0.000000	0.036134	img__0_1588190336559783800.png
1588190333637	7.638389	5.597722	-0.250946	0.999347	0.000000	0.000000	0.036134	img__0_1588190336644094800.png
1588190333724	7.638389	5.597722	-0.250946	0.999347	0.000000	0.000000	0.036134	img__0_1588190336731544900.png
1588190333811	7.638389	5.597722	-0.250946	0.999347	0.000000	0.000000	0.036134	img__0_1588190336820132300.png
1588190333898	7.638389	5.597722	-0.250946	0.999347	0.000000	0.000000	0.036134	img__0_1588190336906820900.png
1588190333991	7.638389	5.597722	-0.250946	0.999347	0.000000	0.000000	0.036134	img__0_1588190336997145600.png
