TimeStamp	POS_X	POS_Y	POS_Z	Q_W	Q_X	Q_Y	Q_Z	ImageFile
1573205642305	0.000000	0.000000	-0.146496	1.000000	0.000000	0.000000	0.000055	img__0_1573205642496558100.png
1573205642392	0.000000	0.000000	-0.146496	1.000000	0.000000	0.000000	0.000055	img__0_1573205642582918300.png
1573205642479	0.000000	0.000000	-0.146496	1.000000	0.000000	0.000000	0.000055	img__0_1573205642670056300.png
1573205642566	0.000000	0.000000	-0.146496	1.000000	0.000000	0.000000	0.000055	img__0_1573205642757357800.png
1573205642653	0.000000	0.000000	-0.146496	1.000000	0.000000	0.000000	0.000055	img__0_1573205642843416100.png
1573205642737	0.000000	0.000000	-0.146496	1.000000	0.000000	0.000000	0.000055	img__0_1573205642928097400.png
1573205642824	0.000000	0.000000	-0.146496	1.000000	0.000000	0.000000	0.000055	img__0_1573205643013914600.png
1573205642911	0.000000	0.000000	-0.146496	1.000000	0.000000	0.000000	0.000055	img__0_1573205643103028000.png
1573205642998	0.000000	0.000000	-0.146496	1.000000	0.000000	0.000000	0.000055	img__0_1573205643188228900.png
1573205643088	0.000000	0.000000	-0.146496	1.000000	0.000000	0.000000	0.000055	img__0_1573205643279881400.png
1573205643175	0.000000	0.000000	-0.146496	1.000000	0.000000	0.000000	0.000055	img__0_1573205643364619300.png
1573205643262	-0.000021	0.000003	-0.146580	0.999995	0.000457	0.003301	0.000095	img__0_1573205643453763300.png
1573205643352	-0.000498	0.000071	-0.147804	0.999979	0.000886	0.006375	0.000317	img__0_1573205643541488200.png
1573205643436	-0.001844	0.000260	-0.150651	0.999967	0.001120	0.008076	0.000656	img__0_1573205643627678700.png
1573205643526	-0.004560	0.000637	-0.156423	0.999957	0.001257	0.009081	0.001118	img__0_1573205643716737700.png
1573205643613	-0.008656	0.001204	-0.168064	0.999952	0.001330	0.009615	0.001635	img__0_1573205643804491200.png
1573205643700	-0.014370	0.001992	-0.189836	0.999948	0.001369	0.009912	0.002200	img__0_1573205643891209900.png
1573205643787	-0.021762	0.003008	-0.222108	0.999944	0.001389	0.010077	0.002799	img__0_1573205643978288100.png
1573205643877	-0.031202	0.004301	-0.266447	0.999941	0.001397	0.010171	0.003445	img__0_1573205644068367700.png
1573205643967	-0.042467	0.005839	-0.321009	0.999938	0.001399	0.010223	0.004109	img__0_1573205644156381700.png
1573205644057	-0.055492	0.007610	-0.382267	0.999935	0.001397	0.010252	0.004785	img__0_1573205644246507000.png
1573205644144	-0.069704	0.009535	-0.445079	0.999932	0.001393	0.010267	0.005448	img__0_1573205644335148000.png
1573205644231	-0.085432	0.011658	-0.507441	0.999928	0.001388	0.010276	0.006117	img__0_1573205644422913900.png
1573205644321	-0.103109	0.014055	-0.568570	0.999938	0.001507	-0.008725	0.006786	img__0_1573205644511549500.png
1573205644405	-0.118598	0.016501	-0.621624	0.999180	0.001704	-0.039720	0.007654	img__0_1573205644596841800.png
1573205644495	-0.129813	0.019410	-0.673693	0.998791	0.007874	-0.046850	0.012677	img__0_1573205644686790400.png
1573205644582	-0.134146	0.023731	-0.718791	0.998212	0.040091	-0.035166	0.026986	img__0_1573205644774092200.png
1573205644675	-0.133521	0.034313	-0.760709	0.996969	0.054863	-0.023016	0.050130	img__0_1573205644863864100.png
1573205644762	-0.129899	0.051643	-0.794016	0.996342	0.032784	-0.014757	0.077529	img__0_1573205644953523600.png
1573205644852	-0.124327	0.074699	-0.822493	0.993643	0.018519	-0.009276	0.110660	img__0_1573205645043261800.png
1573205644945	-0.117440	0.101588	-0.844179	0.988859	0.010412	-0.005883	0.148377	img__0_1573205645133913000.png
1573205645032	-0.110373	0.128377	-0.857143	0.982562	0.006362	-0.003950	0.185783	img__0_1573205645224371200.png
1573205645125	-0.102408	0.158076	-0.863221	0.973840	0.004052	-0.002683	0.227182	img__0_1573205645314966700.png
1573205645215	-0.094441	0.187505	-0.861467	0.963559	0.004629	-0.008240	0.267330	img__0_1573205645406038900.png
1573205645308	-0.084558	0.219356	-0.851339	0.947934	0.028073	-0.088223	0.304711	img__0_1573205645497906600.png
1573205645401	-0.064207	0.258780	-0.830302	0.925543	0.054849	-0.172199	0.332731	img__0_1573205645591767800.png
1573205645497	-0.022068	0.315723	-0.791968	0.907071	0.073151	-0.217149	0.353153	img__0_1573205645687037600.png
1573205645590	0.043891	0.391851	-0.735595	0.894656	0.085798	-0.238599	0.367831	img__0_1573205645782423000.png
1573205645686	0.140200	0.495916	-0.656761	0.887974	0.091833	-0.242595	0.379758	img__0_1573205645875843200.png
1573205645761	0.236793	0.597623	-0.583608	0.885893	0.090814	-0.239749	0.386609	img__0_1573205645952499200.png
1573205645836	0.352374	0.717528	-0.502034	0.889993	0.066436	-0.228668	0.388857	img__0_1573205646028605800.png
1573205645923	0.511530	0.877261	-0.401849	0.899986	0.019989	-0.195617	0.389049	img__0_1573205646113895700.png
1573205646019	0.719242	1.070805	-0.294483	0.911179	-0.063420	-0.144980	0.380409	img__0_1573205646211680100.png
1573205646118	0.821435	1.145016	-0.259290	0.912927	-0.148597	-0.126181	0.358555	img__0_1573205646308523300.png
1573205646217	0.841274	1.134917	-0.266307	0.914915	-0.198145	-0.118090	0.331245	img__0_1573205646407106000.png
1573205646316	0.840511	1.105295	-0.338208	0.921309	-0.226528	-0.112126	0.295471	img__0_1573205646507370500.png
1573205646415	1.039605	1.123997	-0.385708	0.941622	-0.200025	-0.094004	0.253973	img__0_1573205646605187900.png
1573205646511	1.261865	1.108068	-0.435098	0.968918	-0.105051	-0.057282	0.216521	img__0_1573205646702496300.png
1573205646607	1.498780	1.074991	-0.480491	0.980879	-0.052942	-0.032924	0.184363	img__0_1573205646798226900.png
1573205646697	1.727021	1.036927	-0.511168	0.986072	-0.027960	-0.019258	0.162818	img__0_1573205646888067400.png
1573205646790	1.966028	0.993983	-0.529639	0.988931	-0.014088	-0.011028	0.147295	img__0_1573205646980653500.png
1573205646880	2.198896	0.950625	-0.534950	0.990530	-0.006952	-0.006543	0.136968	img__0_1573205647072073800.png
1573205646973	2.440297	0.904923	-0.527547	0.991538	-0.002986	-0.003971	0.129719	img__0_1573205647164212700.png
1573205647066	2.682016	0.858834	-0.507073	0.992165	-0.000873	-0.002575	0.124907	img__0_1573205647257459100.png
1573205647159	2.923799	0.812646	-0.473602	0.992538	0.005757	-0.001147	0.121798	img__0_1573205647349572100.png
1573205647249	3.157326	0.769467	-0.429039	0.988551	0.090922	0.013694	0.119631	img__0_1573205647441029900.png
1573205647342	3.394960	0.736974	-0.369438	0.976249	0.179338	0.031756	0.117334	img__0_1573205647533394500.png
1573205647435	3.624760	0.729275	-0.294811	0.966665	0.224540	0.041656	0.115777	img__0_1573205647628054700.png
1573205647528	3.716797	0.744498	-0.260041	0.973786	0.190773	0.038563	0.117723	img__0_1573205647720887400.png
1573205647621	3.709022	0.757245	-0.334190	0.986890	0.106051	0.020332	0.119949	img__0_1573205647813098700.png
1573205647714	3.802497	0.807565	-0.384441	0.990885	0.057944	0.010476	0.121160	img__0_1573205647906880300.png
1573205647804	3.889579	0.866896	-0.441402	0.991984	0.032533	0.005269	0.121989	img__0_1573205647995931100.png
1573205647894	3.974881	0.932078	-0.507313	0.992264	0.018570	0.002433	0.122725	img__0_1573205648086966600.png
1573205647987	4.062045	1.002914	-0.584883	0.992292	0.010716	0.000851	0.123458	img__0_1573205648178914800.png
1573205648077	4.145885	1.073527	-0.669225	0.991807	0.028190	0.009712	0.124214	img__0_1573205648269346400.png
1573205648170	4.229589	1.151571	-0.763058	0.983912	0.104279	0.073257	0.125203	img__0_1573205648361632400.png
1573205648263	4.297966	1.246160	-0.862390	0.968335	0.163549	0.140835	0.125478	img__0_1573205648454706300.png
1573205648353	4.337047	1.362098	-0.959127	0.956917	0.192479	0.177505	0.125514	img__0_1573205648546138300.png
1573205648443	4.347352	1.502077	-1.041683	0.949670	0.206623	0.198884	0.126013	img__0_1573205648635967700.png
1573205648533	4.329355	1.664567	-1.100312	0.945423	0.213130	0.211347	0.126818	img__0_1573205648724104000.png
1573205648617	4.285872	1.836719	-1.131912	0.944107	0.213661	0.216054	0.127799	img__0_1573205648808769200.png
1573205648701	4.216494	2.028286	-1.141286	0.965071	0.157642	0.162716	0.131568	img__0_1573205648891998400.png
1573205648785	4.126419	2.235026	-1.132751	0.982535	0.090931	0.093028	0.133052	img__0_1573205648975788400.png
1573205648875	4.016198	2.466405	-1.109110	0.988549	0.050360	0.050587	0.132949	img__0_1573205649066108900.png
1573205648965	3.898101	2.703413	-1.072616	0.990805	0.020264	0.017740	0.132590	img__0_1573205649157700400.png
1573205649055	3.777534	2.942433	-1.026906	0.987565	-0.049220	-0.071716	0.130958	img__0_1573205649248379600.png
1573205649148	3.665554	3.182714	-0.979417	0.972336	-0.114966	-0.159047	0.126688	img__0_1573205649338720300.png
1573205649238	3.587256	3.398705	-0.937611	0.959488	-0.148094	-0.205412	0.123519	img__0_1573205649429964600.png
1573205649328	3.548736	3.592964	-0.898022	0.951479	-0.164243	-0.229990	0.121721	img__0_1573205649520396000.png
1573205649415	3.551962	3.758755	-0.857240	0.966045	-0.130120	-0.185959	0.123470	img__0_1573205649606912200.png
1573205649502	3.588559	3.906713	-0.819112	0.984249	-0.070192	-0.103549	0.124919	img__0_1573205649693523900.png
1573205649592	3.648005	4.048621	-0.791840	0.989847	-0.037880	-0.057250	0.124462	img__0_1573205649785081900.png
1573205649685	3.722250	4.188779	-0.779248	0.990941	-0.024170	-0.045612	0.123980	img__0_1573205649877033000.png
1573205649778	3.807397	4.324905	-0.780380	0.983588	-0.045813	-0.123747	0.123057	img__0_1573205649971083000.png
1573205649868	3.913258	4.450740	-0.795709	0.978031	-0.072858	-0.154753	0.119161	img__0_1573205650060977400.png
1573205649958	4.047412	4.567396	-0.821464	0.987874	-0.046982	-0.088531	0.118578	img__0_1573205650151965300.png
1573205650051	4.204768	4.680595	-0.858945	0.991466	-0.024412	-0.048092	0.118689	img__0_1573205650243358100.png
1573205650141	4.366638	4.786445	-0.904995	0.992491	-0.012792	-0.026638	0.118695	img__0_1573205650334694900.png
1573205650234	4.539195	4.893718	-0.962386	0.992070	-0.035253	-0.023429	0.118342	img__0_1573205650426160000.png
1573205650324	4.711432	4.991407	-1.024197	0.982786	-0.126349	-0.067087	0.116905	img__0_1573205650516689300.png
1573205650414	4.896519	5.070213	-1.089574	0.973324	-0.175353	-0.092601	0.115399	img__0_1573205650606874200.png
1573205650504	5.098687	5.123600	-1.152579	0.984122	-0.119383	-0.061564	0.116028	img__0_1573205650697897100.png
1573205650597	5.320869	5.158481	-1.218127	0.990432	-0.065534	-0.034254	0.116522	img__0_1573205650789934700.png
1573205650687	5.543047	5.181229	-1.284498	0.992364	-0.035027	-0.019101	0.116714	img__0_1573205650880931300.png
1573205650777	5.768623	5.198643	-1.346590	0.992908	-0.018587	-0.010867	0.116917	img__0_1573205650970710300.png
1573205650867	5.995714	5.213545	-1.396351	0.993039	-0.009504	-0.006365	0.117230	img__0_1573205651061360800.png
1573205650960	6.231126	5.227588	-1.434564	0.993037	-0.004403	-0.003850	0.117660	img__0_1573205651151991800.png
1573205651050	6.459237	5.240531	-1.458929	0.992990	-0.001720	-0.002538	0.118159	img__0_1573205651241879100.png
1573205651140	6.687402	5.253200	-1.470981	0.992926	-0.000245	-0.001823	0.118717	img__0_1573205651331772600.png
1573205651230	6.915502	5.265790	-1.470768	0.992855	0.000565	-0.001433	0.119317	img__0_1573205651422583300.png
1573205651317	7.135869	5.277983	-1.458916	0.992782	0.000999	-0.001225	0.119926	img__0_1573205651510720200.png
1573205651407	7.363666	5.290678	-1.434645	0.992703	0.001249	-0.001106	0.120576	img__0_1573205651599881900.png
1573205651497	7.591269	5.303490	-1.398237	0.992621	0.001387	-0.001041	0.121242	img__0_1573205651689136000.png
1573205651584	7.811093	5.316005	-1.351614	0.992541	0.001461	-0.001006	0.121896	img__0_1573205651777736000.png
1573205651674	8.038140	5.329055	-1.291714	0.991773	-0.003167	0.036871	0.122547	img__0_1573205651866847300.png
1573205651764	8.259379	5.340850	-1.220094	0.981950	-0.016337	0.143456	0.122183	img__0_1573205651955450100.png
1573205651851	8.455829	5.348063	-1.138735	0.971126	-0.023870	0.203844	0.121621	img__0_1573205652045549300.png
1573205651938	8.626961	5.349063	-1.043538	0.963287	-0.028199	0.237787	0.121414	img__0_1573205652131410900.png
1573205652025	8.768418	5.342709	-0.932826	0.958386	-0.030561	0.256498	0.121537	img__0_1573205652217262600.png
1573205652100	8.864754	5.330858	-0.823998	0.955807	-0.030997	0.265849	0.121642	img__0_1573205652294277200.png
1573205652169	8.931674	5.314585	-0.712435	0.954281	-0.031312	0.271111	0.121930	img__0_1573205652362893500.png
1573205652238	8.977373	5.293233	-0.589605	0.953750	-0.009578	0.277144	0.116020	img__0_1573205652430387600.png
1573205652304	9.000816	5.269885	-0.461475	0.964079	0.066139	0.238966	0.095246	img__0_1573205652496879000.png
1573205652379	9.003051	5.264399	-0.427670	0.994991	0.000000	0.000000	0.099968	img__0_1573205652573434200.png
1573205652466	9.003051	5.264399	-0.427670	0.994991	0.000000	0.000000	0.099968	img__0_1573205652660396500.png
1573205652559	9.003051	5.264399	-0.427670	0.994991	0.000000	0.000000	0.099968	img__0_1573205652751597800.png
1573205652643	9.003051	5.264399	-0.427670	0.994991	0.000000	0.000000	0.099968	img__0_1573205652837512900.png
1573205652733	9.003051	5.264399	-0.427670	0.994991	0.000000	0.000000	0.099968	img__0_1573205652927107900.png
1573205652820	9.003051	5.264399	-0.427670	0.994991	0.000000	0.000000	0.099968	img__0_1573205653014860600.png
1573205652907	9.003051	5.264399	-0.427670	0.994991	0.000000	0.000000	0.099968	img__0_1573205653102112200.png
1573205652997	9.003051	5.264399	-0.427670	0.994991	0.000000	0.000000	0.099968	img__0_1573205653189158500.png
1573205653081	9.003051	5.264399	-0.427670	0.994991	0.000000	0.000000	0.099968	img__0_1573205653275608500.png
1573205653168	9.003051	5.264399	-0.427670	0.994991	0.000000	0.000000	0.099968	img__0_1573205653362974700.png
1573205653258	9.003051	5.264399	-0.427670	0.994991	0.000000	0.000000	0.099968	img__0_1573205653451832200.png
1573205653345	9.003051	5.264399	-0.427670	0.994991	0.000000	0.000000	0.099968	img__0_1573205653538178400.png
1573205653435	9.003051	5.264399	-0.427670	0.994991	0.000000	0.000000	0.099968	img__0_1573205653629110000.png
1573205653525	9.003051	5.264399	-0.427670	0.994991	0.000000	0.000000	0.099968	img__0_1573205653718149900.png
1573205653615	9.003051	5.264399	-0.427670	0.994991	0.000000	0.000000	0.099968	img__0_1573205653809790900.png
1573205653702	9.003051	5.264399	-0.427670	0.994991	0.000000	0.000000	0.099968	img__0_1573205653895393800.png
1573205653786	9.003051	5.264399	-0.427670	0.994991	0.000000	0.000000	0.099968	img__0_1573205653980928500.png
1573205653874	9.003051	5.264399	-0.427670	0.994991	0.000000	0.000000	0.099968	img__0_1573205654067350900.png
1573205653961	9.003051	5.264399	-0.427670	0.994991	0.000000	0.000000	0.099968	img__0_1573205654152511600.png
1573205654048	9.003051	5.264399	-0.427670	0.994991	0.000000	0.000000	0.099968	img__0_1573205654239179600.png
1573205654132	9.003051	5.264399	-0.427670	0.994991	0.000000	0.000000	0.099968	img__0_1573205654326244200.png
1573205654222	9.003051	5.264399	-0.427670	0.994991	0.000000	0.000000	0.099968	img__0_1573205654413594700.png
1573205654306	9.003051	5.264399	-0.427670	0.994991	0.000000	0.000000	0.099968	img__0_1573205654499812800.png
1573205654396	9.003051	5.264399	-0.427670	0.994991	0.000000	0.000000	0.099968	img__0_1573205654588234500.png
1573205654483	9.003051	5.264399	-0.427670	0.994991	0.000000	0.000000	0.099968	img__0_1573205654675328600.png
1573205654567	9.003051	5.264399	-0.427670	0.994991	0.000000	0.000000	0.099968	img__0_1573205654761433900.png
1573205654657	9.003051	5.264399	-0.427670	0.994991	0.000000	0.000000	0.099968	img__0_1573205654848719500.png
1573205654744	9.003051	5.264399	-0.427670	0.994991	0.000000	0.000000	0.099968	img__0_1573205654935474600.png
1573205654828	9.003051	5.264399	-0.427964	0.994990	0.000167	-0.000090	0.099974	img__0_1573205655021330500.png
1573205654918	9.003076	5.264451	-0.446925	0.995038	0.000823	-0.000528	0.099491	img__0_1573205655108798200.png
1573205655002	9.003197	5.264687	-0.506703	0.995274	0.001121	-0.000728	0.097098	img__0_1573205655195851100.png
1573205655089	9.003441	5.265164	-0.596325	0.995462	0.001305	-0.000847	0.095150	img__0_1573205655282516400.png
1573205655179	9.003794	5.265848	-0.680917	0.995577	0.001407	-0.000917	0.093933	img__0_1573205655370693500.png
1573205655263	9.004213	5.266664	-0.748065	0.995635	0.001460	-0.000954	0.093319	img__0_1573205655456852300.png
1573205655350	9.004749	5.267697	-0.805820	0.995659	0.001490	-0.000976	0.093058	img__0_1573205655543756100.png
1573205655446	9.005240	5.269025	-0.856084	0.994842	0.000617	0.040475	0.093009	img__0_1573205655638284800.png
1573205655530	9.000456	5.269839	-0.892591	0.986530	0.010658	0.135101	0.091608	img__0_1573205655721274400.png
1573205655620	8.977016	5.270616	-0.924319	0.975416	0.032221	0.199441	0.088032	img__0_1573205655812066700.png
1573205655707	8.930004	5.272874	-0.939781	0.985353	0.024248	0.143735	0.088498	img__0_1573205655900643100.png
1573205655797	8.861528	5.276798	-0.940405	0.992755	0.014396	0.079655	0.088803	img__0_1573205655989704800.png
1573205655884	8.784540	5.281539	-0.928361	0.995040	0.008600	0.043757	0.088921	img__0_1573205656077986300.png
1573205655974	8.698824	5.287089	-0.903567	0.995734	0.005455	0.023365	0.089096	img__0_1573205656168188800.png
1573205656064	8.609675	5.293462	-0.866501	0.993306	0.067136	0.031940	0.088410	img__0_1573205656256245800.png
1573205656154	8.514892	5.308468	-0.818560	0.980106	0.157449	0.082746	0.088064	img__0_1573205656347048600.png
1573205656247	8.401900	5.347373	-0.762513	0.966225	0.207449	0.124174	0.089190	img__0_1573205656438613600.png
1573205656334	8.276669	5.410603	-0.697794	0.960020	0.213007	0.154981	0.094716	img__0_1573205656528557300.png
1573205656421	8.131533	5.497143	-0.614653	0.982248	0.128896	0.095592	0.097140	img__0_1573205656615115500.png
1573205656511	7.966826	5.602864	-0.512845	0.991214	0.072612	0.052752	0.097156	img__0_1573205656703940100.png
1573205656601	7.793861	5.717919	-0.398227	0.994077	0.040319	0.028337	0.096860	img__0_1573205656794855000.png
1573205656691	7.616462	5.838192	-0.272290	0.994939	0.022871	0.015011	0.096685	img__0_1573205656884647100.png
1573205656778	7.550797	5.883389	-0.220750	0.995168	0.013582	0.007952	0.096902	img__0_1573205656973177300.png
1573205656868	7.540459	5.890580	-0.208426	0.995141	-0.008634	0.002500	0.098054	img__0_1573205657061994700.png
1573205656955	7.550007	5.881360	-0.207950	0.990271	-0.095649	-0.015005	0.099946	img__0_1573205657150056200.png
1573205657045	7.597230	5.851485	-0.256560	0.994799	0.000000	0.000000	0.101858	img__0_1573205657238872000.png
1573205657132	7.597230	5.851485	-0.256560	0.994799	0.000000	0.000000	0.101858	img__0_1573205657326290700.png
1573205657222	7.597230	5.851485	-0.256560	0.994799	0.000000	0.000000	0.101858	img__0_1573205657416672500.png
1573205657309	7.597230	5.851485	-0.256560	0.994799	0.000000	0.000000	0.101858	img__0_1573205657503964500.png
1573205657399	7.597230	5.851485	-0.256560	0.994799	0.000000	0.000000	0.101858	img__0_1573205657591974000.png
1573205657489	7.597230	5.851485	-0.256560	0.994799	0.000000	0.000000	0.101858	img__0_1573205657681710400.png
1573205657576	7.597230	5.851485	-0.256560	0.994799	0.000000	0.000000	0.101858	img__0_1573205657769284000.png
1573205657666	7.597230	5.851485	-0.256560	0.994799	0.000000	0.000000	0.101858	img__0_1573205657860675900.png
1573205657756	7.597230	5.851485	-0.256560	0.994799	0.000000	0.000000	0.101858	img__0_1573205657948579500.png
1573205657843	7.597230	5.851485	-0.256560	0.994799	0.000000	0.000000	0.101858	img__0_1573205658037207300.png
1573205657933	7.597230	5.851485	-0.256560	0.994799	0.000000	0.000000	0.101858	img__0_1573205658125237200.png
1573205658020	7.597230	5.851485	-0.256560	0.994799	0.000000	0.000000	0.101858	img__0_1573205658213155700.png
1573205658107	7.597230	5.851485	-0.256560	0.994799	0.000000	0.000000	0.101858	img__0_1573205658302062400.png
1573205658197	7.597230	5.851485	-0.256560	0.994799	0.000000	0.000000	0.101858	img__0_1573205658390846800.png
1573205658287	7.597230	5.851485	-0.256560	0.994799	0.000000	0.000000	0.101858	img__0_1573205658480596000.png
1573205658377	7.597230	5.851485	-0.256560	0.994799	0.000000	0.000000	0.101858	img__0_1573205658571381000.png
1573205658467	7.597230	5.851485	-0.256560	0.994799	0.000000	0.000000	0.101858	img__0_1573205658660980000.png
1573205658557	7.597230	5.851485	-0.256560	0.994799	0.000000	0.000000	0.101858	img__0_1573205658749975300.png
1573205658647	7.597230	5.851485	-0.256560	0.994799	0.000000	0.000000	0.101858	img__0_1573205658839724300.png
1573205658734	7.597230	5.851485	-0.256560	0.994799	0.000000	0.000000	0.101858	img__0_1573205658928409300.png
1573205658821	7.597230	5.851485	-0.256560	0.994799	0.000000	0.000000	0.101858	img__0_1573205659015618400.png
1573205658908	7.597230	5.851485	-0.256560	0.994799	0.000000	0.000000	0.101858	img__0_1573205659103282600.png
1573205658995	7.597230	5.851485	-0.256560	0.994799	0.000000	0.000000	0.101858	img__0_1573205659190969000.png
1573205659085	7.597230	5.851485	-0.256560	0.994799	0.000000	0.000000	0.101858	img__0_1573205659278881400.png
1573205659169	7.597230	5.851485	-0.256560	0.994799	0.000000	0.000000	0.101858	img__0_1573205659364859900.png
1573205659259	7.597230	5.851485	-0.256560	0.994799	0.000000	0.000000	0.101858	img__0_1573205659453392100.png
1573205659343	7.597230	5.851485	-0.256560	0.994799	0.000000	0.000000	0.101858	img__0_1573205659538356400.png
1573205659430	7.597230	5.851485	-0.256560	0.994799	0.000000	0.000000	0.101858	img__0_1573205659624158000.png
