TimeStamp	POS_X	POS_Y	POS_Z	Q_W	Q_X	Q_Y	Q_Z	ImageFile
1588183253185	0.000000	0.000000	-0.146496	1.000000	0.000000	0.000000	-0.000261	img__0_1588183254904680300.png
1588183253359	0.000000	0.000000	-0.146496	1.000000	0.000000	0.000000	-0.000261	img__0_1588183255076976600.png
1588183253521	0.000000	0.000000	-0.146496	1.000000	0.000000	0.000000	-0.000261	img__0_1588183255238650600.png
1588183253683	0.000000	0.000000	-0.146496	1.000000	0.000000	0.000000	-0.000261	img__0_1588183255402238300.png
1588183253842	0.000000	0.000000	-0.146496	1.000000	0.000000	0.000000	-0.000261	img__0_1588183255560552400.png
1588183254061	0.000000	0.000000	-0.146496	1.000000	0.000000	0.000000	-0.000261	img__0_1588183255780163600.png
1588183254334	0.000000	0.000000	-0.146496	1.000000	0.000000	0.000000	-0.000261	img__0_1588183256054639300.png
1588183254520	0.000017	0.000023	-0.148560	1.000000	0.000697	-0.000543	-0.000432	img__0_1588183256239781100.png
1588183254682	0.000336	0.000424	-0.190459	0.999998	0.001174	-0.000943	-0.001303	img__0_1588183256401341600.png
1588183254877	0.001534	0.001919	-0.336867	0.999994	0.001358	-0.001090	-0.002900	img__0_1588183256596665700.png
1588183255051	0.003346	0.004175	-0.497443	0.999988	0.001404	-0.001129	-0.004578	img__0_1588183256772228400.png
1588183255327	0.007450	0.009266	-0.684141	0.999971	0.001420	-0.001146	-0.007454	img__0_1588183257047588700.png
1588183255657	0.014322	0.017748	-0.776185	0.999938	0.001419	-0.001153	-0.011023	img__0_1588183257378048900.png
1588183255840	0.019158	0.027381	-0.766418	0.994848	0.100537	-0.002349	-0.012850	img__0_1588183257560272400.png
1588183256212	0.035665	0.225157	-0.606810	0.995221	0.096132	-0.002412	-0.016996	img__0_1588183257934874900.png
1588183256551	0.059046	0.605363	-0.362851	0.999657	0.015712	-0.001310	-0.020906	img__0_1588183258270881200.png
1588183256731	0.073493	0.836498	-0.237345	0.994554	0.101670	-0.003307	-0.022688	img__0_1588183258452830900.png
1588183256899	0.090187	1.107760	-0.163346	0.997720	0.062774	-0.002404	-0.024660	img__0_1588183258618367300.png
1588183257161	0.090278	1.103683	-0.290412	0.999542	0.012657	-0.001366	-0.027450	img__0_1588183258883812500.png
1588183257416	0.109383	1.384170	-0.610853	0.999538	0.003453	-0.001208	-0.030183	img__0_1588183259138515400.png
1588183257824	0.144650	1.844640	-1.605367	0.999398	0.001527	-0.001188	-0.034632	img__0_1588183259546926700.png
1588183258079	0.190250	2.133647	-2.446720	0.997152	-0.000830	-0.065450	-0.037456	img__0_1588183259799430500.png
1588183258256	0.270301	2.331567	-3.050010	0.999013	0.000768	-0.020468	-0.039406	img__0_1588183259977011600.png
1588183258445	0.367601	2.542443	-3.601482	0.999117	0.001226	-0.006574	-0.041468	img__0_1588183260166053500.png
1588183258652	0.478339	2.773555	-4.095450	0.999039	0.001346	-0.002527	-0.043736	img__0_1588183260373288400.png
1588183259027	0.693816	3.183826	-4.739985	0.985966	-0.120173	-0.104785	-0.049499	img__0_1588183260746957700.png
1588183259195	0.835164	3.315735	-4.927558	0.986859	-0.096631	-0.120683	-0.046974	img__0_1588183260917432800.png
1588183259369	1.029604	3.404660	-5.056305	0.997553	-0.028937	-0.037395	-0.051505	img__0_1588183261092007700.png
1588183259552	1.254785	3.479993	-5.131196	0.998397	-0.007514	-0.011754	-0.054856	img__0_1588183261274270100.png
1588183259783	1.555182	3.565404	-5.141300	0.986301	-0.040855	-0.149277	-0.057083	img__0_1588183261504409800.png
1588183260035	1.996291	3.619892	-5.028625	0.995744	-0.016535	-0.066499	-0.061628	img__0_1588183261756342400.png
1588183260206	2.347132	3.640138	-4.883680	0.997678	-0.004295	-0.021844	-0.064363	img__0_1588183261928919800.png
1588183260386	2.727894	3.658169	-4.679196	0.997741	-0.000325	-0.007342	-0.066773	img__0_1588183262108627600.png
1588183260608	3.201937	3.679820	-4.358792	0.997581	0.000974	-0.002598	-0.069457	img__0_1588183262328993800.png
1588183260998	4.036538	3.719827	-3.632401	0.997266	0.001317	-0.001338	-0.073876	img__0_1588183262723646800.png
1588183261199	4.466612	3.741815	-3.186821	0.996597	-0.000982	-0.031658	-0.076107	img__0_1588183262923935300.png
1588183261379	4.871102	3.761787	-2.748012	0.981374	0.076121	-0.162516	-0.068543	img__0_1588183263102688900.png
1588183261550	5.327155	3.807166	-2.277905	0.989375	0.078867	-0.105820	-0.060980	img__0_1588183263272552100.png
1588183261730	5.867347	3.893039	-1.736476	0.997302	0.024732	-0.032219	-0.061147	img__0_1588183263453018100.png
1588183262000	6.710720	4.046878	-0.882486	0.998014	0.005242	-0.006227	-0.062468	img__0_1588183263723329900.png
1588183262255	6.331609	3.931966	-1.251805	0.998431	0.001969	-0.002214	-0.055918	img__0_1588183263979108100.png
1588183262444	6.241803	3.921733	-1.343054	0.998775	0.001461	-0.001555	-0.049430	img__0_1588183264168237000.png
1588183262603	6.481674	3.906491	-1.070815	0.998994	0.001348	-0.001357	-0.044802	img__0_1588183264327584400.png
1588183262777	6.975342	3.875963	-0.503539	0.999084	0.001364	-0.001253	-0.042744	img__0_1588183264502431600.png
1588183263056	7.765173	3.828871	0.425270	0.999069	0.001376	-0.001210	-0.043113	img__0_1588183264778419300.png
1588183263335	7.192075	3.862844	-0.250879	0.999060	0.000000	0.000000	-0.043351	img__0_1588183265060630500.png
1588183263512	7.192075	3.862844	-0.250879	0.999060	0.000000	0.000000	-0.043351	img__0_1588183265239068900.png
1588183263689	7.192075	3.862844	-0.250879	0.999060	0.000000	0.000000	-0.043351	img__0_1588183265415765300.png
1588183263872	7.192075	3.862845	-0.250931	0.999041	0.005728	0.002001	-0.043356	img__0_1588183265599244200.png
1588183264205	7.143667	4.006104	-0.404667	0.966392	0.240202	0.077059	-0.049509	img__0_1588183265928531500.png
1588183264490	6.978538	4.567903	-0.719323	0.996343	0.060546	0.017737	-0.057627	img__0_1588183266217618500.png
1588183264715	6.828314	5.092688	-0.852739	0.997980	0.014569	0.002981	-0.061767	img__0_1588183266441514300.png
1588183264937	6.677879	5.622868	-0.895851	0.997885	0.004360	-0.000281	-0.064863	img__0_1588183266662348300.png
1588183265210	6.493484	6.277487	-0.831197	0.997672	0.001838	-0.001081	-0.068166	img__0_1588183266935216400.png
1588183265435	6.342124	6.813097	-0.682179	0.990464	-0.118229	0.007194	-0.070363	img__0_1588183267161363700.png
1588183265606	6.220806	7.170155	-0.510441	0.991177	-0.110873	0.006553	-0.072331	img__0_1588183267335246300.png
1588183265765	6.101486	7.451904	-0.306876	0.996493	-0.038254	0.001419	-0.074403	img__0_1588183267491731700.png
1588183265927	6.062965	7.534184	-0.226169	0.997019	-0.012290	-0.000213	-0.076174	img__0_1588183267652693600.png
1588183266086	6.087735	7.481392	-0.279322	0.997058	0.000000	0.000000	-0.076655	img__0_1588183267812112600.png
1588183266323	6.087735	7.481392	-0.279322	0.997058	0.000000	0.000000	-0.076655	img__0_1588183268050889000.png
1588183266605	6.087735	7.481392	-0.279322	0.997058	0.000000	0.000000	-0.076655	img__0_1588183268333788900.png
1588183266785	6.087735	7.481392	-0.279322	0.997058	0.000000	0.000000	-0.076655	img__0_1588183268511911100.png
1588183266950	6.087735	7.481392	-0.279322	0.997058	0.000000	0.000000	-0.076655	img__0_1588183268678315300.png
1588183267151	6.087735	7.481392	-0.279322	0.997058	0.000000	0.000000	-0.076655	img__0_1588183268879798000.png
1588183267439	6.088071	7.481706	-0.420062	0.996996	0.001031	-0.000964	-0.077435	img__0_1588183269168128800.png
1588183267610	6.089139	7.482688	-0.644005	0.996895	0.001238	-0.001159	-0.078728	img__0_1588183269337738000.png
1588183267772	6.090746	7.484163	-0.833649	0.996776	0.001302	-0.001220	-0.080218	img__0_1588183269502379600.png
1588183267982	6.093658	7.486546	-1.030736	0.996179	-0.029074	0.001252	-0.082339	img__0_1588183269711577000.png
1588183268387	6.093390	7.384948	-0.990141	0.971238	-0.221539	-0.031295	-0.081471	img__0_1588183270119073900.png
1588183268558	6.097939	7.322679	-0.959684	0.989497	-0.115391	-0.019673	-0.084811	img__0_1588183270286773600.png
1588183268735	6.109177	7.043712	-0.841638	0.995441	-0.034810	-0.006948	-0.088524	img__0_1588183270464521200.png
1588183268915	6.122869	6.739612	-0.666756	0.995776	-0.009564	-0.002971	-0.091266	img__0_1588183270646137400.png
1588183269239	6.150467	6.181823	-0.224487	0.995443	0.000062	-0.001463	-0.095344	img__0_1588183270971027100.png
1588183269422	6.148717	6.218142	-0.250961	0.995297	0.000000	0.000000	-0.096873	img__0_1588183271151023000.png
1588183269587	6.148717	6.218142	-0.250961	0.995297	0.000000	0.000000	-0.096873	img__0_1588183271318678900.png
1588183269749	6.148717	6.218142	-0.250961	0.995297	0.000000	0.000000	-0.096873	img__0_1588183271479271900.png
1588183269944	6.148717	6.218142	-0.250961	0.995297	0.000000	0.000000	-0.096873	img__0_1588183271674580900.png
1588183270415	6.166932	6.213381	-0.398827	0.991188	-0.009698	-0.087875	-0.098644	img__0_1588183272144590500.png
1588183270589	6.235702	6.198101	-0.517093	0.993694	-0.005891	-0.049188	-0.100586	img__0_1588183272321076500.png
1588183270775	6.339031	6.175171	-0.590334	0.994607	-0.002544	-0.014812	-0.102622	img__0_1588183272507609800.png
1588183270994	6.471915	6.145102	-0.598638	0.994467	-0.001537	-0.004160	-0.104960	img__0_1588183272726247300.png
1588183271180	6.587631	6.118283	-0.540235	0.994260	-0.001333	-0.001911	-0.106966	img__0_1588183272910673600.png
1588183271393	6.721312	6.086531	-0.400773	0.994010	-0.001275	-0.001227	-0.109279	img__0_1588183273124493700.png
1588183271618	6.863291	6.051885	-0.172322	0.993737	-0.001263	-0.001058	-0.111731	img__0_1588183273350014000.png
1588183271849	6.817250	6.063183	-0.251747	0.993594	0.000000	0.000000	-0.113006	img__0_1588183273582479800.png
1588183272026	6.817250	6.063183	-0.251747	0.993594	0.000000	0.000000	-0.113006	img__0_1588183273758737500.png
1588183272203	6.817250	6.063183	-0.251747	0.993594	0.000000	0.000000	-0.113006	img__0_1588183273937008300.png
1588183272380	6.817250	6.063183	-0.251747	0.993594	0.000000	0.000000	-0.113006	img__0_1588183274113627300.png
1588183272743	6.817250	6.063183	-0.251747	0.993594	0.000000	0.000000	-0.113006	img__0_1588183274477820400.png
1588183272995	6.817250	6.063183	-0.251747	0.993594	0.000000	0.000000	-0.113006	img__0_1588183274726390500.png
1588183273175	6.817250	6.063183	-0.251747	0.993594	0.000000	0.000000	-0.113006	img__0_1588183274908047100.png
