TimeStamp	POS_X	POS_Y	POS_Z	Q_W	Q_X	Q_Y	Q_Z	ImageFile
1588182754110	0.000000	0.000000	-0.146496	0.999999	0.000000	0.000000	-0.001547	img__0_1588182755285560500.png
1588182754287	0.000000	0.000000	-0.146496	0.999999	0.000000	0.000000	-0.001547	img__0_1588182755460392300.png
1588182754455	0.000000	0.000000	-0.146496	0.999999	0.000000	0.000000	-0.001547	img__0_1588182755628372000.png
1588182754707	0.000000	0.000000	-0.146496	0.999999	0.000000	0.000000	-0.001547	img__0_1588182755883291100.png
1588182755028	0.000000	0.000000	-0.146496	0.999999	0.000000	0.000000	-0.001547	img__0_1588182756202556800.png
1588182755211	0.000000	0.000000	-0.146496	0.999999	0.000000	0.000000	-0.001547	img__0_1588182756386177600.png
1588182755385	0.000000	0.000000	-0.146496	0.999999	0.000000	0.000000	-0.001547	img__0_1588182756560744600.png
1588182755544	0.000000	0.000000	-0.146496	0.999999	0.000000	0.000000	-0.001547	img__0_1588182756720343400.png
1588182755700	0.000000	0.000000	-0.146496	0.999999	0.000000	0.000000	-0.001547	img__0_1588182756877951900.png
1588182755886	0.000000	0.000000	-0.146496	0.999999	0.000000	0.000000	-0.001547	img__0_1588182757063627400.png
1588182756405	0.000000	0.000000	-0.146496	0.999999	0.000000	0.000000	-0.001547	img__0_1588182757583785700.png
1588182756570	0.000000	0.000000	-0.146496	0.999999	0.000000	0.000000	-0.001547	img__0_1588182757748338400.png
1588182756747	0.000000	0.000000	-0.146496	0.999999	0.000000	0.000000	-0.001547	img__0_1588182757925332300.png
1588182756912	0.000026	0.000033	-0.152204	0.999997	0.000751	-0.000596	-0.002249	img__0_1588182758086256300.png
1588182757161	0.000757	0.000943	-0.218741	0.999971	0.001295	-0.001043	-0.007466	img__0_1588182758337252300.png
1588182757419	0.003210	0.013091	-0.372005	0.998140	0.059007	-0.001745	-0.015257	img__0_1588182758594755700.png
1588182757581	0.006468	0.055199	-0.510678	0.999239	0.032998	-0.001346	-0.020772	img__0_1588182758757423300.png
1588182757755	0.011361	0.124042	-0.698701	0.999572	0.011508	-0.001151	-0.026876	img__0_1588182758932860900.png
1588182758016	0.020460	0.243119	-0.949880	0.996454	0.075967	-0.003538	-0.036008	img__0_1588182759192661500.png
1588182758379	0.048230	0.583923	-1.080768	0.993976	0.097844	-0.004242	-0.049206	img__0_1588182759558149000.png
1588182758604	0.078443	0.939647	-1.101814	0.998076	0.022786	-0.001661	-0.057646	img__0_1588182759782218800.png
1588182758796	0.107641	1.271538	-1.100873	0.984827	0.161056	-0.010695	-0.063731	img__0_1588182759973303300.png
1588182758970	0.142929	1.638659	-1.036535	0.992432	0.100203	-0.006698	-0.070662	img__0_1588182760148781600.png
1588182759189	0.197234	2.171971	-0.889753	0.996566	0.024717	-0.002301	-0.078994	img__0_1588182760369111300.png
1588182759477	0.275687	2.867414	-0.703499	0.976133	-0.195327	-0.037949	-0.087017	img__0_1588182760655333100.png
1588182759663	0.340701	3.165973	-0.617886	0.988996	-0.110520	-0.027193	-0.094510	img__0_1588182760841636500.png
1588182759897	0.441753	3.406826	-0.598840	0.993437	-0.025565	-0.039146	-0.104390	img__0_1588182761074959900.png
1588182760110	0.606905	3.576990	-0.699158	0.982167	-0.019546	-0.153266	-0.107126	img__0_1588182761288287900.png
1588182760431	1.102218	3.771132	-0.923695	0.992494	-0.001437	-0.024807	-0.119745	img__0_1588182761612808400.png
1588182760617	1.425549	3.875658	-0.981660	0.986748	-0.011130	-0.101663	-0.125973	img__0_1588182761796527100.png
1588182760791	1.775172	3.961976	-1.002477	0.988209	-0.007749	-0.076286	-0.132524	img__0_1588182761969942900.png
1588182760992	2.226404	4.050065	-0.959306	0.989935	-0.000884	-0.020717	-0.139998	img__0_1588182762173205700.png
1588182761298	2.936965	4.179373	-0.759640	0.988536	0.001019	-0.003788	-0.150937	img__0_1588182762480592600.png
1588182761502	3.413429	4.264256	-0.565168	0.986535	-0.041948	-0.002580	-0.158061	img__0_1588182762682135600.png
1588182761673	3.809588	4.310286	-0.449354	0.984574	-0.059699	-0.001548	-0.164465	img__0_1588182762854554400.png
1588182761919	4.372107	4.329762	-0.228250	0.984745	-0.010872	-0.001464	-0.173660	img__0_1588182763099637900.png
1588182762228	4.739103	4.345212	-0.054475	0.973265	0.151740	0.023097	-0.170872	img__0_1588182763410774300.png
1588182762399	4.546643	4.351785	-0.198435	0.981816	0.104197	0.016797	-0.157792	img__0_1588182763581344600.png
1588182762573	4.736998	4.445708	-0.246679	0.987681	0.032199	0.004183	-0.153072	img__0_1588182763757271100.png
1588182762738	4.917677	4.551680	-0.242750	0.988427	0.009862	0.000677	-0.151372	img__0_1588182763921465100.png
1588182762957	4.984682	4.593593	-0.211312	0.988386	0.001352	-0.000479	-0.151960	img__0_1588182764140082300.png
1588182763302	5.018091	4.614421	-0.147289	0.987613	-0.001038	-0.000808	-0.156905	img__0_1588182764485093200.png
1588182763464	4.897069	4.539410	-0.243689	0.987512	0.000000	0.000000	-0.157542	img__0_1588182764649197900.png
1588182763644	4.897069	4.539410	-0.243689	0.987513	0.000684	0.000076	-0.157535	img__0_1588182764829068100.png
1588182763998	4.904828	4.729441	-0.392870	0.969226	0.229289	0.026468	-0.085603	img__0_1588182765179096600.png
1588182764292	4.905104	4.713018	-0.265174	0.998494	0.054044	0.001928	-0.009235	img__0_1588182765475795500.png
1588182764460	4.905674	4.918760	-0.231781	0.999806	0.018604	-0.000521	0.006403	img__0_1588182765644196200.png
1588182764676	4.905529	4.864561	-0.286057	0.999885	0.005614	-0.001028	0.014071	img__0_1588182765861966700.png
1588182764877	4.906442	4.998460	-0.245154	0.999870	0.002537	-0.001100	0.015910	img__0_1588182766060680300.png
1588182765276	4.906352	4.984215	-0.248900	0.999884	0.000000	0.000000	0.015218	img__0_1588182766461165700.png
1588182765441	4.906352	4.984215	-0.248900	0.999884	0.000000	0.000000	0.015218	img__0_1588182766627888900.png
1588182765603	4.906352	4.984215	-0.248900	0.999884	0.000000	0.000000	0.015218	img__0_1588182766789804000.png
1588182765780	4.906352	4.984215	-0.248900	0.999884	0.000000	0.000000	0.015218	img__0_1588182766965910100.png
1588182765945	4.906707	4.984254	-0.252721	0.999564	0.001069	-0.019246	0.022373	img__0_1588182767130052600.png
1588182766221	4.942576	5.016454	-0.314043	0.974269	0.190216	-0.035475	0.115583	img__0_1588182767407188100.png
1588182766509	5.014360	5.298038	-0.431778	0.967534	0.048013	-0.013390	0.247776	img__0_1588182767696668300.png
1588182766689	5.059545	5.535404	-0.460893	0.956655	0.015401	-0.005253	0.290770	img__0_1588182767875276000.png
1588182766854	5.101197	5.761378	-0.437765	0.950838	0.006209	-0.002284	0.309617	img__0_1588182768038522000.png
1588182767070	5.157905	6.059778	-0.336164	0.941018	-0.063484	-0.094293	0.318692	img__0_1588182768255248200.png
1588182767349	5.367824	6.406434	-0.072514	0.908930	-0.159050	-0.232730	0.307223	img__0_1588182768537044400.png
1588182767541	5.335844	6.162301	-0.435041	0.903026	-0.170333	-0.251266	0.303968	img__0_1588182768725825000.png
1588182767736	5.709537	6.199164	-0.417214	0.937326	-0.085710	-0.128298	0.312431	img__0_1588182768922090700.png
1588182768084	5.533365	6.175504	-0.428549	0.950737	-0.007301	-0.013814	0.309603	img__0_1588182769271878400.png
1588182768351	5.735910	6.169544	-0.308170	0.951987	0.000191	-0.002834	0.306124	img__0_1588182769540220800.png
1588182768525	5.870257	6.166067	-0.164948	0.952637	0.001233	-0.001328	0.304105	img__0_1588182769713354300.png
1588182768696	5.796014	6.167919	-0.249137	0.952811	0.000000	0.000000	0.303566	img__0_1588182769883179000.png
1588182768933	5.796042	6.167917	-0.250550	0.952659	-0.006209	-0.013637	0.303671	img__0_1588182770122257200.png
1588182769146	5.809751	6.166700	-0.308280	0.951612	-0.003811	-0.012142	0.307039	img__0_1588182770334693600.png
1588182769575	5.863482	6.164622	-0.211755	0.951903	0.001383	-0.001284	0.306394	img__0_1588182770766866900.png
1588182769788	5.851481	6.164775	-0.253995	0.948975	-0.030636	-0.047201	0.310291	img__0_1588182770975424500.png
1588182769977	5.902630	6.150355	-0.308653	0.948243	-0.044661	-0.069820	0.306538	img__0_1588182771167719300.png
1588182770148	5.996974	6.124014	-0.317760	0.952233	-0.013342	-0.022679	0.304236	img__0_1588182771339726400.png
1588182770496	6.221385	6.063450	-0.178680	0.954115	0.000224	-0.002783	0.299427	img__0_1588182771686353400.png
1588182770688	6.117183	6.091351	-0.258000	0.954522	0.000000	0.000000	0.298139	img__0_1588182771878517500.png
1588182770871	6.117183	6.091351	-0.258000	0.954522	0.000000	0.000000	0.298139	img__0_1588182772064533700.png
1588182771051	6.117183	6.091351	-0.258000	0.954522	0.000000	0.000000	0.298139	img__0_1588182772243674200.png
1588182771360	6.117183	6.091351	-0.258000	0.954522	0.000000	0.000000	0.298139	img__0_1588182772551642100.png
1588182771750	6.117183	6.091351	-0.258000	0.954522	0.000000	0.000000	0.298139	img__0_1588182772944749000.png
1588182772119	6.121239	6.095229	-0.443434	0.940108	0.042057	-0.124577	0.314496	img__0_1588182773312509200.png
1588182772281	6.163003	6.127728	-0.538394	0.942014	0.028902	-0.084988	0.323344	img__0_1588182773473999500.png
1588182772434	6.232641	6.181709	-0.581560	0.944266	0.011245	-0.030634	0.327561	img__0_1588182773628279600.png
1588182772581	6.309596	6.241722	-0.583927	0.944364	0.005233	-0.011742	0.328651	img__0_1588182773774773400.png
1588182772734	6.393438	6.307645	-0.546395	0.944486	0.002971	-0.004568	0.328506	img__0_1588182773929308200.png
1588182773085	6.594735	6.457553	-0.309053	0.944105	-0.048220	-0.018328	0.325583	img__0_1588182774279661100.png
1588182773391	6.837219	6.506799	0.073290	0.930519	-0.172337	-0.060624	0.317426	img__0_1588182774585744400.png
1588182773565	6.623584	6.473346	-0.263669	0.946504	0.000000	0.000000	0.322692	img__0_1588182774759225100.png
1588182773757	6.623584	6.473346	-0.263669	0.946504	0.000000	0.000000	0.322692	img__0_1588182774950576400.png
1588182774108	6.623584	6.473346	-0.263669	0.946504	0.000000	0.000000	0.322692	img__0_1588182775304185100.png
1588182774294	6.623584	6.473346	-0.263669	0.946504	0.000000	0.000000	0.322692	img__0_1588182775488316400.png
1588182774462	6.623584	6.473346	-0.263669	0.946504	0.000000	0.000000	0.322692	img__0_1588182775653907700.png
1588182774621	6.623584	6.473346	-0.263669	0.946504	0.000000	0.000000	0.322692	img__0_1588182775817459100.png
1588182774789	6.623584	6.473346	-0.263669	0.946504	0.000000	0.000000	0.322692	img__0_1588182775985157700.png
1588182774987	6.623584	6.473346	-0.263669	0.946504	0.000000	0.000000	0.322692	img__0_1588182776183299300.png
1588182775332	6.623584	6.473346	-0.263669	0.946504	0.000000	0.000000	0.322692	img__0_1588182776526727400.png
1588182775494	6.623584	6.473346	-0.263669	0.946504	0.000000	0.000000	0.322692	img__0_1588182776691206500.png
