TimeStamp	POS_X	POS_Y	POS_Z	Q_W	Q_X	Q_Y	Q_Z	ImageFile
1588261619017	0.000000	0.000000	-0.146496	1.000000	0.000000	0.000000	0.000200	img__0_1588261620394985100.png
1588261619104	0.000000	0.000000	-0.146496	1.000000	0.000000	0.000000	0.000200	img__0_1588261620483797400.png
1588261619197	0.000000	0.000000	-0.146496	1.000000	0.000000	0.000000	0.000200	img__0_1588261620574435600.png
1588261619284	0.000000	0.000000	-0.146496	1.000000	0.000000	0.000000	0.000200	img__0_1588261620663723900.png
1588261619374	0.000000	0.000000	-0.146496	1.000000	0.000000	0.000000	0.000200	img__0_1588261620753259200.png
1588261619464	0.000000	0.000000	-0.146496	1.000000	0.000000	0.000000	0.000200	img__0_1588261620843191900.png
1588261619554	0.000000	0.000000	-0.146496	1.000000	0.000000	0.000000	0.000200	img__0_1588261620931835800.png
1588261619648	0.000000	0.000000	-0.146496	1.000000	0.000000	0.000000	0.000200	img__0_1588261621023673300.png
1588261619738	0.000000	0.000000	-0.146496	1.000000	0.000000	0.000000	0.000200	img__0_1588261621114262700.png
1588261619822	0.000000	0.000000	-0.146496	1.000000	0.000000	0.000000	0.000200	img__0_1588261621200907700.png
1588261619909	0.000000	0.000000	-0.146496	1.000000	0.000000	0.000000	0.000200	img__0_1588261621287450000.png
1588261620002	0.000000	0.000000	-0.146496	1.000000	0.000000	0.000000	0.000200	img__0_1588261621378209900.png
1588261620089	0.000002	0.000003	-0.150459	0.999999	0.000443	-0.000342	0.000940	img__0_1588261621464852900.png
1588261620173	0.000063	0.000081	-0.182811	0.999976	0.000843	-0.000681	0.006801	img__0_1588261621551852300.png
1588261620266	0.000292	0.000373	-0.260458	0.999818	0.001116	-0.000899	0.019020	img__0_1588261621642719000.png
1588261620362	0.000766	0.000981	-0.389165	0.999336	0.001264	-0.001014	0.036414	img__0_1588261621736100800.png
1588261620443	0.001370	0.001768	-0.534078	0.998588	0.001339	-0.001059	0.053104	img__0_1588261621821585500.png
1588261620536	0.002225	0.002898	-0.703001	0.997696	0.001398	-0.001073	0.067818	img__0_1588261621913471800.png
1588261620626	0.003179	0.004182	-0.850731	0.997649	0.001448	-0.001056	0.068514	img__0_1588261622002826700.png
1588261620716	0.004256	0.005659	-0.983136	0.999227	0.001494	-0.001018	0.039263	img__0_1588261622094346700.png
1588261620806	0.005457	0.007335	-1.100747	0.999789	0.001520	-0.000988	-0.020438	img__0_1588261622185392000.png
1588261620899	0.006839	0.009271	-1.207221	0.994219	0.001512	-0.000986	-0.107353	img__0_1588261622277038900.png
1588261620989	0.008327	0.011331	-1.296090	0.978215	0.001467	-0.001019	-0.207588	img__0_1588261622366542500.png
1588261621076	0.009928	0.013475	-1.369057	0.949679	0.001389	-0.001082	-0.313221	img__0_1588261622453568500.png
1588261621157	0.011579	0.015581	-1.425777	0.910062	0.001290	-0.001159	-0.414468	img__0_1588261622536357500.png
1588261621244	0.013543	0.017927	-1.474842	0.859695	0.001148	-0.001268	-0.510806	img__0_1588261622620942500.png
1588261621328	0.015635	0.020233	-1.510709	0.816639	0.000985	-0.001394	-0.577147	img__0_1588261622705287000.png
1588261621415	0.018011	0.022624	-1.536055	0.781427	0.000818	-0.001515	-0.623994	img__0_1588261622792314800.png
1588261621502	0.020596	0.024977	-1.549633	0.754780	-0.004276	0.002675	-0.655958	img__0_1588261622879119000.png
1588261621589	0.022117	0.027096	-1.556523	0.734228	-0.038291	0.032859	-0.677025	img__0_1588261622965886300.png
1588261621679	0.015591	0.028379	-1.565957	0.717360	-0.082270	0.073661	-0.687896	img__0_1588261623053762600.png
1588261621766	-0.007745	0.028316	-1.578623	0.706961	-0.109372	0.100613	-0.691463	img__0_1588261623143022700.png
1588261621853	-0.054153	0.027018	-1.593523	0.702183	-0.123756	0.116510	-0.691411	img__0_1588261623231678400.png
1588261621940	-0.127193	0.024690	-1.609768	0.701500	-0.132010	0.126597	-0.688800	img__0_1588261623318051500.png
1588261622027	-0.228902	0.021480	-1.626688	0.703889	-0.136376	0.132357	-0.684415	img__0_1588261623404906500.png
1588261622117	-0.364804	0.017258	-1.643424	0.714711	-0.102798	0.100811	-0.684440	img__0_1588261623494073100.png
1588261622207	-0.525353	0.012261	-1.661219	0.726298	-0.056988	0.056501	-0.682680	img__0_1588261623584758000.png
1588261622294	-0.694098	0.006965	-1.683305	0.734870	-0.031176	0.031069	-0.676778	img__0_1588261623671082800.png
1588261622381	-0.870024	0.001201	-1.710741	0.743055	-0.044690	-0.013592	-0.667599	img__0_1588261623760573800.png
1588261622468	-1.048902	-0.010859	-1.738705	0.746448	-0.100730	-0.093147	-0.651148	img__0_1588261623847493500.png
1588261622555	-1.227216	-0.040906	-1.759952	0.748256	-0.134573	-0.141773	-0.633958	img__0_1588261623933409100.png
1588261622642	-1.402549	-0.096789	-1.771018	0.751984	-0.151963	-0.169023	-0.618756	img__0_1588261624019637200.png
1588261622729	-1.573310	-0.181885	-1.769999	0.768789	-0.115928	-0.129898	-0.615346	img__0_1588261624106022200.png
1588261622816	-1.739864	-0.290622	-1.759038	0.784813	-0.065912	-0.072623	-0.611923	img__0_1588261624193318800.png
1588261622903	-1.903773	-0.413206	-1.741515	0.795193	-0.037108	-0.040543	-0.603861	img__0_1588261624281797500.png
1588261622990	-2.066031	-0.543487	-1.718181	0.803688	-0.020799	-0.022958	-0.594244	img__0_1588261624367886500.png
1588261623077	-2.227181	-0.678014	-1.688953	0.811518	-0.011804	-0.013580	-0.584418	img__0_1588261624454029800.png
1588261623164	-2.387515	-0.814877	-1.653776	0.819057	-0.006335	-0.008075	-0.573620	img__0_1588261624541434600.png
1588261623254	-2.552677	-0.957810	-1.612224	0.826671	-0.003293	-0.005130	-0.562653	img__0_1588261624632790500.png
1588261623347	-2.722651	-1.106350	-1.571705	0.834377	-0.001556	-0.003516	-0.551181	img__0_1588261624722275400.png
1588261623425	-2.864682	-1.231316	-1.545436	0.840720	-0.000720	-0.002772	-0.541463	img__0_1588261624804224200.png
1588261623515	-3.027984	-1.375729	-1.525810	0.847901	-0.000153	-0.002290	-0.530149	img__0_1588261624892619900.png
1588261623602	-3.185264	-1.515422	-1.517751	0.854702	0.000164	-0.002036	-0.519115	img__0_1588261624980310800.png
1588261623689	-3.341982	-1.655124	-1.520392	0.861362	0.000352	-0.001895	-0.507988	img__0_1588261625067921900.png
1588261623773	-3.492765	-1.789972	-1.533087	0.867656	0.000465	-0.001817	-0.497161	img__0_1588261625152698300.png
1588261623857	-3.643030	-1.924752	-1.555716	0.873816	0.000539	-0.001770	-0.486252	img__0_1588261625236814600.png
1588261623944	-3.798114	-2.064249	-1.589562	0.880053	0.000592	-0.001740	-0.474872	img__0_1588261625322154600.png
1588261624028	-3.947331	-2.198824	-1.630831	0.885935	0.000631	-0.001720	-0.463807	img__0_1588261625407696800.png
1588261624115	-4.101376	-2.338069	-1.672412	0.891465	0.000664	-0.001704	-0.453087	img__0_1588261625494691800.png
1588261624199	-4.249661	-2.472364	-1.702541	0.895297	0.000694	-0.001691	-0.445467	img__0_1588261625579381700.png
1588261624283	-4.397512	-2.606505	-1.721521	0.898028	0.000720	-0.001679	-0.439934	img__0_1588261625662615600.png
1588261624376	-4.560702	-2.754831	-1.729595	0.900157	0.000743	-0.001670	-0.435561	img__0_1588261625752981700.png
1588261624457	-4.702406	-2.883852	-1.725571	0.899595	0.000765	-0.001660	-0.436720	img__0_1588261625835865600.png
1588261624541	-4.848936	-3.017487	-1.710540	0.888406	0.000805	-0.001641	-0.459054	img__0_1588261625920162400.png
1588261624625	-4.995034	-3.150967	-1.684497	0.863464	0.000836	-0.001622	-0.504407	img__0_1588261626002747900.png
1588261624709	-5.140701	-3.284318	-1.647522	0.824308	0.000834	-0.001612	-0.566139	img__0_1588261626086814800.png
1588261624799	-5.296307	-3.427094	-1.595896	0.780689	0.000762	-0.001631	-0.624917	img__0_1588261626179124000.png
1588261624889	-5.451467	-3.569801	-1.532013	0.747065	0.000646	-0.001673	-0.664748	img__0_1588261626267722900.png
1588261624973	-5.595901	-3.702959	-1.461512	0.723681	0.000535	-0.001713	-0.690132	img__0_1588261626352509000.png
1588261625063	-5.750270	-3.845608	-1.374544	0.705314	0.000429	-0.001749	-0.708893	img__0_1588261626440678800.png
1588261625150	-5.899125	-3.983503	-1.282895	0.692519	0.002517	-0.004034	-0.721384	img__0_1588261626528434300.png
1588261625237	-6.046670	-4.121492	-1.202447	0.682580	0.035398	-0.038968	-0.728912	img__0_1588261626614858100.png
1588261625321	-6.178988	-4.255424	-1.147357	0.671953	0.098537	-0.106779	-0.726201	img__0_1588261626699813900.png
1588261625405	-6.284921	-4.391311	-1.115355	0.665619	0.138232	-0.150658	-0.717736	img__0_1588261626784356400.png
1588261625495	-6.355302	-4.540221	-1.105171	0.669183	0.148374	-0.163534	-0.709532	img__0_1588261626872571300.png
1588261625585	-6.379066	-4.692624	-1.116037	0.687381	0.103473	-0.117562	-0.709211	img__0_1588261626963858200.png
1588261625669	-6.368869	-4.837298	-1.151907	0.704749	0.057537	-0.069067	-0.703739	img__0_1588261627049174600.png
1588261625756	-6.337875	-4.988817	-1.223924	0.720755	0.031243	-0.040268	-0.691314	img__0_1588261627134408900.png
1588261625840	-6.298352	-5.135953	-1.310170	0.735265	0.017383	-0.024265	-0.677123	img__0_1588261627218440800.png
1588261625924	-6.254905	-5.283420	-1.389282	0.745873	0.009782	-0.014820	-0.665851	img__0_1588261627303712000.png
1588261626011	-6.207724	-5.436316	-1.458709	0.753563	0.005502	-0.009165	-0.657289	img__0_1588261627390391200.png
1588261626098	-6.159215	-5.589291	-1.515684	0.758967	0.003177	-0.005950	-0.651094	img__0_1588261627478790100.png
1588261626185	-6.109889	-5.742287	-1.560416	0.762794	0.001776	-0.004020	-0.646626	img__0_1588261627563873100.png
1588261626272	-6.060343	-5.895329	-1.593054	0.764218	-0.044702	0.035561	-0.642423	img__0_1588261627650274200.png
1588261626356	-6.066861	-5.881845	-1.588886	0.758648	-0.113003	0.093354	-0.634798	img__0_1588261627735666200.png
1588261626443	-6.145273	-5.840622	-1.584845	0.752768	-0.149262	0.123605	-0.629112	img__0_1588261627821893500.png
1588261626533	-6.254101	-5.842246	-1.571876	0.762112	-0.092937	0.076468	-0.636161	img__0_1588261627913028500.png
1588261626623	-6.379604	-5.847014	-1.543859	0.766185	-0.053120	0.043102	-0.638969	img__0_1588261628001703200.png
1588261626710	-6.509713	-5.853346	-1.504064	0.767674	-0.029178	0.023027	-0.639762	img__0_1588261628089347400.png
1588261626797	-6.644526	-5.860667	-1.453152	0.768225	-0.016267	0.012188	-0.639858	img__0_1588261628177625900.png
1588261626884	-6.782462	-5.868737	-1.409304	0.768526	-0.004759	0.002553	-0.639796	img__0_1588261628263102800.png
1588261626986	-6.942434	-5.878157	-1.389260	0.764951	0.075708	-0.064452	-0.636367	img__0_1588261628362079000.png
1588261627082	-7.069058	-5.882891	-1.405743	0.755726	0.141239	-0.118983	-0.628310	img__0_1588261628459114300.png
1588261627169	-7.149467	-5.881063	-1.443274	0.763556	0.090637	-0.076924	-0.634704	img__0_1588261628547960300.png
1588261627256	-7.204775	-5.874823	-1.505980	0.767451	0.049103	-0.042377	-0.637818	img__0_1588261628635283200.png
1588261627343	-7.247240	-5.866427	-1.587717	0.768709	0.025107	-0.022408	-0.638712	img__0_1588261628720991900.png
1588261627430	-7.283816	-5.857135	-1.677347	0.769123	0.011844	-0.011365	-0.638890	img__0_1588261628809463600.png
1588261627517	-7.317735	-5.847530	-1.768553	0.769294	0.004370	-0.005141	-0.638859	img__0_1588261628897760400.png
1588261627604	-7.350582	-5.837895	-1.856541	0.769397	0.000194	-0.001662	-0.638768	img__0_1588261628983104900.png
1588261627688	-7.382074	-5.828692	-1.930415	0.769482	-0.002086	0.000238	-0.638666	img__0_1588261629068120600.png
1588261627775	-7.414847	-5.819334	-1.994607	0.769566	-0.003423	0.001351	-0.638557	img__0_1588261629152227400.png
1588261627859	-7.446848	-5.810502	-2.044883	0.769648	-0.004153	0.001959	-0.638452	img__0_1588261629238437600.png
1588261627940	-7.478150	-5.802198	-2.082621	0.769728	-0.004558	0.002297	-0.638352	img__0_1588261629319690900.png
1588261628024	-7.511015	-5.793797	-2.110729	0.769552	0.019069	-0.019077	-0.638014	img__0_1588261629403180800.png
1588261628108	-7.539974	-5.785210	-2.127442	0.762551	0.086914	-0.103683	-0.632622	img__0_1588261629487354000.png
1588261628201	-7.554984	-5.775797	-2.130708	0.761315	0.080205	-0.113077	-0.633388	img__0_1588261629581647800.png
1588261628285	-7.551832	-5.768353	-2.119607	0.766912	0.043476	-0.062200	-0.637250	img__0_1588261629665649000.png
1588261628369	-7.539420	-5.761666	-2.096683	0.768767	0.023757	-0.035318	-0.638111	img__0_1588261629749210900.png
1588261628453	-7.521847	-5.755495	-2.062546	0.769543	0.012080	-0.019547	-0.638181	img__0_1588261629832916000.png
1588261628540	-7.500720	-5.749503	-2.015657	0.769938	0.005305	-0.010360	-0.638012	img__0_1588261629919644000.png
1588261628624	-7.478900	-5.744176	-1.959499	0.769300	-0.032159	-0.026095	-0.637545	img__0_1588261630004354600.png
1588261628711	-7.456569	-5.745177	-1.894551	0.760522	-0.128734	-0.079876	-0.631391	img__0_1588261630090361600.png
1588261628798	-7.437315	-5.768089	-1.831406	0.759701	-0.130051	-0.074890	-0.632718	img__0_1588261630177908500.png
1588261628888	-7.421413	-5.815899	-1.768184	0.765513	-0.069970	-0.040911	-0.638295	img__0_1588261630268832100.png
1588261628969	-7.408991	-5.869904	-1.706058	0.766876	-0.040746	-0.024319	-0.640039	img__0_1588261630348709800.png
1588261629053	-7.397068	-5.931919	-1.635453	0.767242	-0.022935	-0.014594	-0.640781	img__0_1588261630432500700.png
1588261629137	-7.385626	-5.997477	-1.558916	0.767285	-0.012882	-0.009017	-0.641113	img__0_1588261630517848800.png
1588261629221	-7.374378	-6.065085	-1.476658	0.767262	-0.007163	-0.005874	-0.641267	img__0_1588261630601140000.png
1588261629311	-7.362352	-6.138835	-1.382245	0.767243	-0.003744	-0.004005	-0.641333	img__0_1588261630691003800.png
1588261629395	-7.351055	-6.208379	-1.287081	0.767247	-0.001689	-0.003278	-0.641341	img__0_1588261630772094100.png
1588261629479	-7.339351	-6.278281	-1.184425	0.766573	0.033023	-0.030902	-0.640563	img__0_1588261630858314100.png
1588261629566	-7.321458	-6.349946	-1.070006	0.764878	0.061875	-0.054206	-0.638901	img__0_1588261630944960800.png
1588261629650	-7.294674	-6.417637	-0.951499	0.766667	0.034699	-0.031067	-0.640353	img__0_1588261631029962300.png
1588261629737	-7.260505	-6.486763	-0.821144	0.767275	0.019481	-0.018097	-0.640767	img__0_1588261631116920600.png
1588261629818	-7.225354	-6.550658	-0.693272	0.767516	0.010558	-0.010505	-0.640856	img__0_1588261631199441600.png
1588261629902	-7.187005	-6.616704	-0.554354	0.767642	0.005351	-0.006071	-0.640827	img__0_1588261631282860200.png
1588261629986	-7.147586	-6.682679	-0.409962	0.767733	0.002369	-0.003533	-0.640756	img__0_1588261631366532800.png
1588261630070	-7.107550	-6.748683	-0.267987	0.767814	0.000663	-0.002080	-0.640670	img__0_1588261631449719200.png
1588261630151	-7.102295	-6.757291	-0.251276	0.767866	-0.000078	-0.000005	-0.640611	img__0_1588261631532652700.png
1588261630235	-7.102346	-6.757271	-0.273506	0.767883	-0.000787	-0.000065	-0.640589	img__0_1588261631615547400.png
1588261630316	-7.102478	-6.757370	-0.326302	0.767918	-0.001127	-0.000105	-0.640547	img__0_1588261631698066100.png
1588261630400	-7.102741	-6.757657	-0.413586	0.767967	-0.001335	-0.000123	-0.640488	img__0_1588261631781127900.png
1588261630484	-7.103156	-6.758165	-0.533266	0.768026	-0.001453	-0.000133	-0.640417	img__0_1588261631864270500.png
1588261630568	-7.103741	-6.758919	-0.686606	0.768093	-0.001520	-0.000139	-0.640337	img__0_1588261631950091300.png
1588261630655	-7.104546	-6.759991	-0.888127	0.768167	-0.001560	-0.000142	-0.640248	img__0_1588261632035684600.png
1588261630739	-7.105470	-6.761294	-1.099580	0.768190	-0.004579	-0.016171	-0.640001	img__0_1588261632119974100.png
1588261630826	-7.104488	-6.764497	-1.302676	0.763988	0.021913	-0.117914	-0.633986	img__0_1588261632204306400.png
1588261630913	-7.093800	-6.773452	-1.487925	0.767374	0.013838	-0.083176	-0.635631	img__0_1588261632293516000.png
1588261630997	-7.074773	-6.787004	-1.650648	0.769882	0.007827	-0.047194	-0.636390	img__0_1588261632378457200.png
1588261631084	-7.050128	-6.803949	-1.803751	0.771036	0.002586	-0.024043	-0.636333	img__0_1588261632464673200.png
1588261631168	-7.023888	-6.821890	-1.937485	0.771604	0.000064	-0.011671	-0.635997	img__0_1588261632549046600.png
1588261631255	-6.995577	-6.841379	-2.062013	0.771972	-0.001480	-0.004415	-0.635639	img__0_1588261632634643400.png
1588261631339	-6.967911	-6.860672	-2.169212	0.772229	-0.002332	-0.000473	-0.635340	img__0_1588261632718337000.png
1588261631420	-6.941330	-6.879514	-2.260803	0.772425	-0.002811	0.001709	-0.635097	img__0_1588261632802359300.png
1588261631510	-6.912178	-6.900587	-2.349356	0.772606	-0.003119	0.003079	-0.634871	img__0_1588261632890880100.png
1588261631597	-6.884538	-6.921016	-2.422027	0.772755	-0.003286	0.003810	-0.634685	img__0_1588261632978022100.png
1588261631681	-6.858440	-6.940749	-2.480364	0.772882	-0.003379	0.004206	-0.634527	img__0_1588261633063484200.png
1588261631768	-6.832069	-6.961183	-2.528726	0.773001	-0.003435	0.004437	-0.634380	img__0_1588261633147891100.png
1588261631852	-6.807271	-6.980891	-2.563921	0.773108	-0.003466	0.004563	-0.634249	img__0_1588261633232388700.png
1588261631936	-6.783138	-7.000572	-2.587926	0.773207	-0.003484	0.004634	-0.634127	img__0_1588261633316017100.png
1588261632020	-6.759683	-7.020222	-2.600811	0.773303	-0.003495	0.004673	-0.634014	img__0_1588261633399579200.png
1588261632101	-6.737710	-7.039137	-2.602743	0.773392	-0.003501	0.004696	-0.633901	img__0_1588261633482682900.png
1588261632185	-6.715593	-7.058721	-2.593875	0.773480	-0.003814	0.004961	-0.633790	img__0_1588261633567097700.png
1588261632269	-6.694482	-7.078332	-2.573953	0.772232	-0.046505	0.038977	-0.632437	img__0_1588261633651417200.png
1588261632356	-6.679819	-7.100245	-2.541129	0.764666	-0.128818	0.089083	-0.625105	img__0_1588261633736291300.png
1588261632449	-6.684112	-7.129335	-2.489773	0.756309	-0.171932	0.122262	-0.619265	img__0_1588261633829117500.png
1588261632533	-6.710841	-7.161990	-2.427173	0.766131	-0.112290	0.080469	-0.627661	img__0_1588261633916027400.png
1588261632623	-6.757571	-7.201800	-2.345348	0.771147	-0.064109	0.045526	-0.631783	img__0_1588261634003311200.png
1588261632710	-6.812866	-7.243045	-2.254008	0.772854	-0.035277	0.024350	-0.633135	img__0_1588261634091099100.png
1588261632797	-6.873627	-7.285851	-2.151610	0.773381	-0.019681	0.012939	-0.633504	img__0_1588261634178444700.png
1588261632884	-6.937361	-7.329577	-2.038693	0.773578	-0.010834	0.006451	-0.633576	img__0_1588261634264856500.png
1588261632968	-7.000227	-7.372295	-1.920076	0.773320	0.024278	-0.021891	-0.633173	img__0_1588261634349860000.png
1588261633052	-7.058781	-7.414332	-1.792226	0.766649	0.104769	-0.087551	-0.627382	img__0_1588261634433263200.png
1588261633136	-7.102049	-7.453451	-1.653826	0.758567	0.153075	-0.126949	-0.620507	img__0_1588261634516889200.png
1588261633220	-7.122427	-7.488099	-1.502573	0.752524	0.180809	-0.149556	-0.615344	img__0_1588261634601145000.png
1588261633310	-7.114202	-7.519301	-1.324062	0.748454	0.197339	-0.163011	-0.611802	img__0_1588261634689400000.png
1588261633397	-7.074253	-7.543136	-1.133841	0.746479	0.205025	-0.169246	-0.609992	img__0_1588261634778528700.png
1588261633484	-7.002298	-7.560627	-0.925843	0.759466	0.150399	-0.124565	-0.620544	img__0_1588261634865924800.png
1588261633580	-6.894036	-7.574250	-0.680735	0.770346	0.078300	-0.065592	-0.629391	img__0_1588261634961499400.png
1588261633670	-6.776787	-7.584000	-0.441778	0.773335	0.040724	-0.034842	-0.631728	img__0_1588261635052633800.png
1588261633757	-6.655770	-7.592028	-0.204753	0.774220	0.020547	-0.018322	-0.632317	img__0_1588261635137706700.png
1588261633844	-6.691348	-7.589780	-0.273989	0.774546	0.000000	0.000000	-0.632517	img__0_1588261635223799500.png
1588261633931	-6.691348	-7.589780	-0.273989	0.774546	0.000000	0.000000	-0.632517	img__0_1588261635311603400.png
1588261634015	-6.691348	-7.589780	-0.273989	0.774546	0.000000	0.000000	-0.632517	img__0_1588261635397449200.png
1588261634099	-6.691348	-7.589780	-0.273989	0.774546	0.000000	0.000000	-0.632517	img__0_1588261635480459100.png
1588261634183	-6.691348	-7.589780	-0.273989	0.774546	0.000000	0.000000	-0.632517	img__0_1588261635564180500.png
1588261634267	-6.691348	-7.589780	-0.273989	0.774546	0.000000	0.000000	-0.632517	img__0_1588261635647708500.png
1588261634351	-6.691348	-7.589780	-0.273989	0.774546	0.000000	0.000000	-0.632517	img__0_1588261635733785300.png
1588261634435	-6.691348	-7.589871	-0.275504	0.774210	-0.022701	-0.018737	-0.632244	img__0_1588261635816481700.png
1588261634516	-6.691419	-7.594516	-0.292560	0.773578	-0.037308	-0.030003	-0.631890	img__0_1588261635898544000.png
1588261634603	-6.691603	-7.605936	-0.302756	0.774061	-0.021981	-0.017966	-0.632474	img__0_1588261635983858700.png
1588261634687	-6.691771	-7.620501	-0.301220	0.774233	-0.012239	-0.011069	-0.632685	img__0_1588261636068571700.png
1588261634768	-6.691850	-7.636451	-0.289227	0.774292	-0.006934	-0.007120	-0.632750	img__0_1588261636149114900.png
1588261634849	-6.691810	-7.653512	-0.266969	0.774330	-0.003858	-0.004865	-0.632752	img__0_1588261636231942300.png
1588261634933	-6.691618	-7.671922	-0.233117	0.774372	-0.002025	-0.003529	-0.632718	img__0_1588261636315634700.png
1588261635017	-6.691697	-7.665945	-0.245189	0.774407	0.000000	0.000000	-0.632688	img__0_1588261636398849700.png
1588261635098	-6.691697	-7.665945	-0.245189	0.774407	0.000000	0.000000	-0.632688	img__0_1588261636481075100.png
1588261635182	-6.691697	-7.665945	-0.245189	0.774407	0.000000	0.000000	-0.632688	img__0_1588261636563415400.png
1588261635266	-6.691697	-7.665945	-0.245189	0.774407	0.000000	0.000000	-0.632688	img__0_1588261636649368800.png
1588261635350	-6.691697	-7.665945	-0.245189	0.774407	0.000000	0.000000	-0.632688	img__0_1588261636732645900.png
1588261635434	-6.691697	-7.665945	-0.245189	0.774407	0.000000	0.000000	-0.632688	img__0_1588261636817519900.png
1588261635521	-6.691697	-7.665945	-0.245189	0.774407	0.000000	0.000000	-0.632688	img__0_1588261636903274000.png
1588261635602	-6.691697	-7.665945	-0.245189	0.774407	0.000000	0.000000	-0.632688	img__0_1588261636984163700.png
1588261635686	-6.691697	-7.665945	-0.245189	0.774407	0.000000	0.000000	-0.632688	img__0_1588261637066761600.png
1588261635776	-6.691697	-7.665945	-0.245189	0.774407	0.000000	0.000000	-0.632688	img__0_1588261637155323500.png
1588261635854	-6.691697	-7.665945	-0.245189	0.774407	0.000000	0.000000	-0.632688	img__0_1588261637235709600.png
1588261635935	-6.691697	-7.665945	-0.245189	0.774407	0.000000	0.000000	-0.632688	img__0_1588261637316891500.png
