TimeStamp	POS_X	POS_Y	POS_Z	Q_W	Q_X	Q_Y	Q_Z	ImageFile
1588269193017	0.000000	0.000000	-0.146496	1.000000	0.000000	0.000000	0.000012	img__0_1588269193136849100.png
1588269193113	0.000000	0.000000	-0.146598	1.000000	0.000042	-0.000028	0.000115	img__0_1588269193231715300.png
1588269193209	0.000028	0.000037	-0.160968	0.999945	0.000743	-0.000591	0.010422	img__0_1588269193326839300.png
1588269193299	0.000173	0.000225	-0.200801	0.999442	0.001050	-0.000849	0.033363	img__0_1588269193418085700.png
1588269193389	0.000505	0.000660	-0.278100	0.998442	0.001229	-0.000975	0.055785	img__0_1588269193509323000.png
1588269193479	0.000998	0.001323	-0.366424	0.998334	0.001351	-0.001014	0.057683	img__0_1588269193598108300.png
1588269193569	0.001627	0.002188	-0.447625	0.999507	0.001435	-0.001008	0.031352	img__0_1588269193687671300.png
1588269193659	0.002397	0.003269	-0.523102	0.999752	0.001481	-0.000995	-0.022195	img__0_1588269193779609300.png
1588269193749	0.003338	0.004588	-0.601543	0.995118	0.001488	-0.000999	-0.098678	img__0_1588269193866955500.png
1588269193836	0.004445	0.006103	-0.688527	0.981871	0.001459	-0.001028	-0.189543	img__0_1588269193954666600.png
1588269193923	0.005778	0.007837	-0.789843	0.956651	0.001395	-0.001083	-0.291230	img__0_1588269194042789500.png
1588269194010	0.007360	0.009749	-0.903363	0.917301	0.001300	-0.001159	-0.398191	img__0_1588269194130087000.png
1588269194097	0.009192	0.011779	-1.022507	0.865543	0.001172	-0.001255	-0.500832	img__0_1588269194215339900.png
1588269194181	0.011165	0.013789	-1.128234	0.818586	0.001011	-0.001374	-0.574382	img__0_1588269194300215800.png
1588269194265	0.013329	0.015806	-1.221230	0.780870	0.000845	-0.001493	-0.624691	img__0_1588269194383425500.png
1588269194349	0.015686	0.017793	-1.301629	0.752054	0.000692	-0.001592	-0.659100	img__0_1588269194468473100.png
1588269194433	0.018230	0.019722	-1.369698	0.730621	0.000562	-0.001666	-0.682781	img__0_1588269194551836100.png
1588269194517	0.020957	0.021568	-1.425658	0.714982	0.000456	-0.001719	-0.699141	img__0_1588269194636551800.png
1588269194604	0.023969	0.023376	-1.471043	0.703412	0.000369	-0.001757	-0.710780	img__0_1588269194721536700.png
1588269194691	0.027166	0.025063	-1.503785	0.695330	0.000303	-0.001782	-0.718688	img__0_1588269194808914900.png
1588269194775	0.030423	0.026567	-1.523505	0.689948	0.000254	-0.001797	-0.723857	img__0_1588269194893976200.png
1588269194859	0.033845	0.027941	-1.531605	0.686297	0.000218	-0.001807	-0.727319	img__0_1588269194979322600.png
1588269194946	0.037558	0.029223	-1.527773	0.683837	0.000125	-0.001743	-0.729632	img__0_1588269195064782800.png
1588269195033	0.041178	0.030376	-1.511741	0.681469	-0.035971	0.036883	-0.730031	img__0_1588269195151329900.png
1588269195117	0.036533	0.031881	-1.499376	0.677115	-0.102124	0.108041	-0.720703	img__0_1588269195236445500.png
1588269195204	0.004459	0.035023	-1.505164	0.679139	-0.142336	0.152273	-0.703792	img__0_1588269195322450600.png
1588269195291	-0.069204	0.040264	-1.531792	0.689661	-0.163161	0.175330	-0.683378	img__0_1588269195411874300.png
1588269195378	-0.189605	0.047003	-1.575311	0.715775	-0.132694	0.146588	-0.669754	img__0_1588269195498059600.png
1588269195465	-0.348514	0.054446	-1.637061	0.747365	-0.070617	0.084770	-0.655189	img__0_1588269195585487300.png
1588269195552	-0.532809	0.062516	-1.732890	0.774148	-0.037018	0.048477	-0.630059	img__0_1588269195670323200.png
1588269195639	-0.731427	0.071054	-1.867365	0.799602	-0.019088	0.027321	-0.599604	img__0_1588269195756060700.png
1588269195726	-0.937832	0.079898	-2.041814	0.824456	-0.009638	0.015042	-0.565644	img__0_1588269195845518300.png
1588269195810	-1.140543	0.088598	-2.232409	0.845258	-0.004869	0.008086	-0.534275	img__0_1588269195930717400.png
1588269195897	-1.351495	0.097683	-2.417291	0.860206	-0.002303	0.003851	-0.509927	img__0_1588269196017622600.png
1588269195987	-1.570053	0.107124	-2.591580	0.870698	-0.000919	0.001366	-0.491816	img__0_1588269196104813400.png
1588269196071	-1.774028	0.115959	-2.739423	0.877456	-0.000221	0.000057	-0.479657	img__0_1588269196189606600.png
1588269196155	-1.977816	0.124805	-2.873544	0.882227	0.000176	-0.000693	-0.470824	img__0_1588269196272650900.png
1588269196239	-2.181321	0.133660	-2.994437	0.885620	0.000407	-0.001119	-0.464409	img__0_1588269196359652300.png
1588269196326	-2.391678	0.142755	-3.106160	0.887926	-0.008438	-0.018664	-0.459530	img__0_1588269196445375800.png
1588269196410	-2.592407	0.148726	-3.201341	0.882785	-0.056460	-0.111911	-0.452745	img__0_1588269196529079700.png
1588269196491	-2.778515	0.144566	-3.280624	0.884576	-0.054232	-0.107429	-0.450603	img__0_1588269196612237900.png
1588269196575	-2.963206	0.129196	-3.349896	0.889913	-0.030600	-0.061559	-0.450919	img__0_1588269196695502400.png
1588269196662	-3.149078	0.106311	-3.408962	0.892073	-0.016878	-0.035185	-0.450203	img__0_1588269196782413900.png
1588269196746	-3.325423	0.080439	-3.454249	0.893040	-0.009262	-0.020634	-0.449408	img__0_1588269196866192500.png
1588269196833	-3.506082	0.051480	-3.489235	0.893589	-0.004820	-0.012193	-0.448695	img__0_1588269196950589100.png
1588269196917	-3.679266	0.022369	-3.511632	0.893926	-0.002408	-0.007629	-0.448143	img__0_1588269197037615500.png
1588269197004	-3.857741	-0.008419	-3.523117	0.894174	-0.001001	-0.004975	-0.447691	img__0_1588269197121869000.png
1588269197088	-4.029409	-0.038464	-3.522932	0.894355	-0.000238	-0.003539	-0.447343	img__0_1588269197206768500.png
1588269197172	-4.200556	-0.068658	-3.511683	0.894500	0.000196	-0.002725	-0.447059	img__0_1588269197292460000.png
1588269197259	-4.377333	-0.099991	-3.488408	0.894288	0.000451	-0.002251	-0.447486	img__0_1588269197377995900.png
1588269197340	-4.541514	-0.129167	-3.456170	0.887890	0.000611	-0.001993	-0.460052	img__0_1588269197461507800.png
1588269197427	-4.717442	-0.160478	-3.410351	0.867528	0.000728	-0.001828	-0.497385	img__0_1588269197546892600.png
1588269197511	-4.886888	-0.190671	-3.357542	0.834382	0.000779	-0.001738	-0.551183	img__0_1588269197631633800.png
1588269197595	-5.055923	-0.220834	-3.295464	0.802447	0.000744	-0.001707	-0.596721	img__0_1588269197716463200.png
1588269197685	-5.236579	-0.253143	-3.217353	0.777071	0.000657	-0.001715	-0.629410	img__0_1588269197804048300.png
1588269197772	-5.410770	-0.284400	-3.130666	0.759816	0.000566	-0.001734	-0.650136	img__0_1588269197892862300.png
1588269197859	-5.584529	-0.315711	-3.033242	0.748059	0.000485	-0.001755	-0.663630	img__0_1588269197979291100.png
1588269197943	-5.751882	-0.346018	-2.932676	0.741522	0.000419	-0.001773	-0.670926	img__0_1588269198064295100.png
1588269198027	-5.918765	-0.376562	-2.843615	0.742778	-0.017280	-0.021316	-0.668975	img__0_1588269198148507700.png
1588269198114	-6.090458	-0.414489	-2.764569	0.745958	-0.089411	-0.101347	-0.652135	img__0_1588269198233968100.png
1588269198198	-6.253088	-0.473209	-2.704309	0.757180	-0.116947	-0.130451	-0.629273	img__0_1588269198317464800.png
1588269198282	-6.411724	-0.558108	-2.652561	0.784084	-0.072426	-0.075976	-0.611714	img__0_1588269198402495600.png
1588269198369	-6.573509	-0.661470	-2.594250	0.802872	-0.041506	-0.041689	-0.593242	img__0_1588269198487984700.png
1588269198456	-6.733903	-0.772377	-2.523962	0.814743	-0.023426	-0.023391	-0.578877	img__0_1588269198575847500.png
1588269198546	-6.898833	-0.891512	-2.439283	0.822767	-0.016592	-0.018833	-0.567825	img__0_1588269198665118000.png
1588269198630	-7.051619	-1.006120	-2.349539	0.824700	-0.053542	-0.076159	-0.557856	img__0_1588269198751892300.png
1588269198717	-7.205741	-1.134973	-2.244721	0.819829	-0.097185	-0.142704	-0.545959	img__0_1588269198837020600.png
1588269198807	-7.357428	-1.286734	-2.121686	0.830611	-0.058952	-0.086747	-0.546886	img__0_1588269198926823300.png
1588269198888	-7.488701	-1.435218	-1.999833	0.836288	-0.016177	-0.060371	-0.544716	img__0_1588269199009069700.png
1588269198975	-7.623384	-1.599795	-1.859928	0.838012	0.097497	-0.067586	-0.532599	img__0_1588269199094594600.png
1588269199065	-7.742585	-1.761970	-1.727098	0.841572	0.143114	-0.075933	-0.515276	img__0_1588269199184050800.png
1588269199146	-7.825358	-1.893824	-1.629039	0.854218	0.088681	-0.049324	-0.509917	img__0_1588269199267660100.png
1588269199236	-7.897113	-2.028567	-1.553973	0.864474	0.048379	-0.028840	-0.499513	img__0_1588269199354429800.png
1588269199320	-7.954593	-2.148944	-1.499645	0.879389	0.026923	-0.018148	-0.474996	img__0_1588269199439889400.png
1588269199407	-8.009264	-2.271009	-1.450859	0.901972	0.014553	-0.011820	-0.431388	img__0_1588269199527267900.png
1588269199494	-8.060793	-2.391519	-1.415616	0.928568	0.007871	-0.008006	-0.370993	img__0_1588269199615522900.png
1588269199578	-8.108555	-2.506970	-1.400954	0.954310	0.004418	-0.005670	-0.298731	img__0_1588269199699573300.png
1588269199665	-8.156602	-2.625935	-1.411406	0.977283	0.002559	-0.004095	-0.211881	img__0_1588269199785187200.png
1588269199752	-8.203653	-2.744452	-1.449098	0.993276	0.001660	-0.003063	-0.119158	img__0_1588269199870826000.png
1588269199836	-8.248437	-2.858533	-1.507383	0.999760	0.001291	-0.002387	-0.021726	img__0_1588269199958004900.png
1588269199926	-8.296041	-2.980478	-1.565865	0.998573	0.001208	-0.001861	0.053367	img__0_1588269200046586800.png
1588269200019	-8.344963	-3.106201	-1.612623	0.995160	0.001281	-0.001493	0.098246	img__0_1588269200139016300.png
1588269200112	-8.393674	-3.231627	-1.645602	0.993926	0.001392	-0.001255	0.110032	img__0_1588269200232612600.png
1588269200208	-8.443771	-3.360773	-1.665328	0.996154	0.001486	-0.001095	0.087606	img__0_1588269200327429900.png
1588269200298	-8.490585	-3.481529	-1.673502	0.999349	0.001538	-0.001004	0.036043	img__0_1588269200419785600.png
1588269200391	-8.538785	-3.605948	-1.681209	0.999048	0.001549	-0.000963	-0.043588	img__0_1588269200511843000.png
1588269200478	-8.583690	-3.721991	-1.693546	0.990684	0.001521	-0.000970	-0.136167	img__0_1588269200600478700.png
1588269200571	-8.631454	-3.845683	-1.712525	0.968943	0.001453	-0.001021	-0.247277	img__0_1588269200689603300.png
1588269200655	-8.674353	-3.957139	-1.730275	0.936354	0.001360	-0.001098	-0.351054	img__0_1588269200776608900.png
1588269200742	-8.718544	-4.072385	-1.738612	0.898662	0.001224	-0.001218	-0.438637	img__0_1588269200862465400.png
1588269200826	-8.760975	-4.183522	-1.735393	0.867365	0.001078	-0.001349	-0.497670	img__0_1588269200947774500.png
1588269200919	-8.807682	-4.306458	-1.718933	0.840173	0.000925	-0.001477	-0.542315	img__0_1588269201037717400.png
1588269201003	-8.849627	-4.417431	-1.692466	0.821659	0.000805	-0.001567	-0.569976	img__0_1588269201125556900.png
1588269201093	-8.894320	-4.536290	-1.651981	0.806966	0.000699	-0.001638	-0.590596	img__0_1588269201213428700.png
1588269201180	-8.937278	-4.651165	-1.601043	0.796652	0.003920	-0.004189	-0.604411	img__0_1588269201300617400.png
1588269201264	-8.977355	-4.761755	-1.540983	0.786417	0.068913	-0.054249	-0.611437	img__0_1588269201385835800.png
1588269201351	-9.008966	-4.873797	-1.466843	0.773090	0.130191	-0.101804	-0.612388	img__0_1588269201470393200.png
1588269201438	-9.021784	-4.981226	-1.378861	0.768688	0.102322	-0.078205	-0.626524	img__0_1588269201559504900.png
1588269201525	-9.018450	-5.084716	-1.278405	0.749255	0.056249	-0.038736	-0.658751	img__0_1588269201645501700.png
1588269201606	-9.006933	-5.178905	-1.177569	0.710462	0.032410	-0.018804	-0.702738	img__0_1588269201728624800.png
1588269201693	-8.989442	-5.278626	-1.065600	0.652731	0.017034	-0.007180	-0.757364	img__0_1588269201813052900.png
1588269201777	-8.970161	-5.374100	-0.949732	0.604401	0.008079	-0.001766	-0.796637	img__0_1588269201898206100.png
1588269201861	-8.949907	-5.469092	-0.824750	0.568183	0.002803	0.000917	-0.822897	img__0_1588269201983332400.png
1588269201945	-8.929394	-5.563723	-0.695235	0.543241	-0.000226	0.002337	-0.839574	img__0_1588269202066339900.png
1588269202035	-8.907647	-5.664752	-0.563312	0.533864	-0.002018	0.003188	-0.845562	img__0_1588269202155228800.png
1588269202113	-8.889283	-5.752028	-0.458505	0.539617	-0.002831	0.003623	-0.841898	img__0_1588269202235232500.png
1588269202197	-8.870186	-5.845733	-0.358147	0.553092	-0.003316	0.003891	-0.833104	img__0_1588269202317947200.png
1588269202278	-8.852350	-5.935880	-0.255222	0.563086	-0.003620	0.004012	-0.826381	img__0_1588269202399117300.png
1588269202362	-8.851050	-5.942649	-0.246834	0.568182	0.000000	0.000000	-0.822903	img__0_1588269202482282600.png
1588269202443	-8.851050	-5.942649	-0.246834	0.568182	0.000000	0.000000	-0.822903	img__0_1588269202565163400.png
1588269202524	-8.851050	-5.942649	-0.246834	0.568182	0.000000	0.000000	-0.822903	img__0_1588269202646718700.png
1588269202608	-8.851050	-5.942649	-0.246834	0.568182	0.000000	0.000000	-0.822903	img__0_1588269202730224200.png
1588269202689	-8.851050	-5.942649	-0.246834	0.568182	0.000000	0.000000	-0.822903	img__0_1588269202811484600.png
1588269202773	-8.851050	-5.942649	-0.246834	0.568182	0.000000	0.000000	-0.822903	img__0_1588269202893993800.png
1588269202857	-8.851055	-5.942648	-0.247497	0.568278	-0.001180	0.001174	-0.822835	img__0_1588269202977742900.png
1588269202938	-8.851306	-5.942605	-0.268100	0.571583	-0.002381	0.002310	-0.820538	img__0_1588269203060184800.png
1588269203022	-8.852203	-5.942456	-0.321721	0.580132	-0.003150	0.003067	-0.814511	img__0_1588269203143660000.png
1588269203106	-8.853562	-5.942299	-0.404098	0.590835	0.029382	-0.041830	-0.805171	img__0_1588269203228234200.png
1588269203187	-8.849676	-5.943896	-0.480301	0.594038	0.085451	-0.118340	-0.791083	img__0_1588269203310102600.png
1588269203271	-8.830684	-5.950192	-0.545417	0.594472	0.120693	-0.165156	-0.777663	img__0_1588269203393137300.png
1588269203358	-8.788069	-5.963488	-0.595633	0.594905	0.141988	-0.191859	-0.767540	img__0_1588269203479178900.png
1588269203442	-8.721035	-5.983624	-0.625802	0.597791	0.145951	-0.195257	-0.763687	img__0_1588269203564411100.png
1588269203535	-8.618105	-6.013763	-0.638767	0.613328	0.079346	-0.108037	-0.778371	img__0_1588269203654563700.png
1588269203616	-8.512367	-6.044445	-0.636218	0.618697	0.044927	-0.062427	-0.781856	img__0_1588269203738045400.png
1588269203703	-8.389758	-6.079975	-0.621205	0.621346	0.022397	-0.032424	-0.782545	img__0_1588269203822252700.png
1588269203787	-8.266721	-6.115689	-0.595336	0.622644	0.010366	-0.016302	-0.782267	img__0_1588269203908143800.png
1588269203871	-8.141256	-6.152254	-0.569389	0.623443	0.003471	-0.007037	-0.781829	img__0_1588269203993193100.png
1588269203952	-8.018845	-6.188193	-0.581205	0.623981	-0.000359	-0.001882	-0.781437	img__0_1588269204075696700.png
1588269204039	-7.887206	-6.227190	-0.641757	0.624412	-0.002711	0.001284	-0.781089	img__0_1588269204161320500.png
1588269204123	-7.760766	-6.264984	-0.736402	0.624673	-0.009741	0.010194	-0.780759	img__0_1588269204244327300.png
1588269204210	-7.632461	-6.303704	-0.829151	0.621605	-0.065260	0.079640	-0.776534	img__0_1588269204331696500.png
1588269204294	-7.520525	-6.338559	-0.909331	0.617133	-0.102724	0.126607	-0.769783	img__0_1588269204417313900.png
1588269204378	-7.433055	-6.368124	-0.999812	0.626003	-0.067277	0.083467	-0.772416	img__0_1588269204501584900.png
1588269204465	-7.361021	-6.394759	-1.100776	0.634126	-0.037999	0.047260	-0.770848	img__0_1588269204586268100.png
1588269204552	-7.296996	-6.419720	-1.190325	0.639097	-0.020980	0.025673	-0.768411	img__0_1588269204673576300.png
1588269204639	-7.237216	-6.443849	-1.267021	0.642315	-0.011684	0.013652	-0.766230	img__0_1588269204762380300.png
1588269204726	-7.179766	-6.467582	-1.331176	0.644524	-0.006499	0.006861	-0.764526	img__0_1588269204848345100.png
1588269204810	-7.125494	-6.490351	-1.381426	0.646043	-0.003685	0.003144	-0.763286	img__0_1588269204931757200.png
1588269204894	-7.071837	-6.513107	-1.420342	0.647152	-0.002081	0.001016	-0.762358	img__0_1588269205017700600.png
1588269204978	-7.018482	-6.535918	-1.448039	0.647973	-0.001166	-0.000202	-0.761662	img__0_1588269205100329900.png
1588269205062	-6.965246	-6.558828	-1.464600	0.648591	-0.000643	-0.000899	-0.761137	img__0_1588269205183257700.png
1588269205149	-6.910124	-6.582685	-1.470065	0.649077	-0.000336	-0.001307	-0.760722	img__0_1588269205271405900.png
1588269205227	-6.860669	-6.604197	-1.464870	0.649417	-0.000177	-0.001518	-0.760431	img__0_1588269205349348800.png
1588269205311	-6.807335	-6.627501	-1.448619	0.649712	-0.000076	-0.001651	-0.760179	img__0_1588269205433284700.png
1588269205395	-6.754114	-6.650919	-1.421590	0.649369	-0.027508	0.030422	-0.759367	img__0_1588269205516415600.png
1588269205485	-6.704913	-6.674957	-1.392029	0.645250	-0.090940	0.104855	-0.751258	img__0_1588269205606256100.png
1588269205569	-6.678236	-6.694565	-1.372314	0.655172	-0.058304	0.068028	-0.750149	img__0_1588269205693027300.png
1588269205656	-6.663547	-6.712992	-1.345515	0.662285	-0.032959	0.038389	-0.747542	img__0_1588269205778253600.png
1588269205743	-6.655397	-6.730514	-1.306632	0.666671	-0.018157	0.020672	-0.744845	img__0_1588269205865978200.png
1588269205824	-6.651084	-6.746423	-1.259895	0.669394	-0.010514	0.011357	-0.742746	img__0_1588269205946596000.png
1588269205908	-6.648479	-6.762902	-1.201212	0.671348	-0.033193	-0.018948	-0.740156	img__0_1588269206031498200.png
1588269205992	-6.647752	-6.785953	-1.146892	0.672266	-0.098755	-0.083887	-0.728882	img__0_1588269206114406900.png
1588269206076	-6.649194	-6.825378	-1.096744	0.684237	-0.063416	-0.053627	-0.724515	img__0_1588269206199975400.png
1588269206160	-6.651836	-6.875446	-1.037027	0.692199	-0.036683	-0.031191	-0.720099	img__0_1588269206283995800.png
1588269206247	-6.655197	-6.933432	-0.963685	0.697459	-0.020476	-0.017973	-0.716106	img__0_1588269206369504200.png
1588269206331	-6.658719	-6.992816	-0.882218	0.700887	-0.011592	-0.010895	-0.713095	img__0_1588269206452954400.png
1588269206412	-6.662196	-7.051921	-0.794041	0.703228	-0.006657	-0.007036	-0.710898	img__0_1588269206535636600.png
1588269206496	-6.665781	-7.114358	-0.692891	0.704983	-0.003706	-0.004761	-0.709198	img__0_1588269206617953600.png
1588269206580	-6.669284	-7.177510	-0.582136	0.706261	-0.002023	-0.003479	-0.707941	img__0_1588269206702277400.png
1588269206664	-6.672666	-7.241117	-0.462060	0.707200	-0.001065	-0.002756	-0.707007	img__0_1588269206785482800.png
1588269206748	-6.675905	-7.305031	-0.332962	0.707901	-0.000519	-0.002348	-0.706308	img__0_1588269206870005800.png
1588269206835	-6.679095	-7.371462	-0.190067	0.708446	-0.000199	-0.002112	-0.705762	img__0_1588269206954881600.png
1588269206916	-6.677796	-7.343947	-0.250307	0.708702	0.000000	0.000000	-0.705508	img__0_1588269207037653100.png
1588269206997	-6.677796	-7.343947	-0.250307	0.708702	0.000000	0.000000	-0.705508	img__0_1588269207120326600.png
1588269207078	-6.677796	-7.343947	-0.250307	0.708702	0.000000	0.000000	-0.705508	img__0_1588269207201496300.png
1588269207162	-6.677796	-7.343947	-0.250307	0.708702	0.000000	0.000000	-0.705508	img__0_1588269207284039100.png
1588269207243	-6.677796	-7.343947	-0.250307	0.708702	0.000000	0.000000	-0.705508	img__0_1588269207366017700.png
1588269207327	-6.677796	-7.343947	-0.250307	0.708702	0.000000	0.000000	-0.705508	img__0_1588269207450047900.png
1588269207414	-6.677796	-7.343947	-0.250307	0.708702	0.000000	0.000000	-0.705508	img__0_1588269207535885800.png
1588269207495	-6.677796	-7.343947	-0.250307	0.708702	0.000000	0.000000	-0.705508	img__0_1588269207619334400.png
1588269207579	-6.677796	-7.343947	-0.250307	0.708702	0.000000	0.000000	-0.705508	img__0_1588269207702149800.png
1588269207660	-6.677796	-7.343947	-0.250307	0.708702	0.000000	0.000000	-0.705508	img__0_1588269207783733400.png
1588269207744	-6.677796	-7.343947	-0.250307	0.708702	0.000000	0.000000	-0.705508	img__0_1588269207866354500.png
1588269207828	-6.677796	-7.343947	-0.250307	0.708702	0.000000	0.000000	-0.705508	img__0_1588269207949758600.png
1588269207933	-6.677796	-7.343947	-0.250307	0.708702	0.000000	0.000000	-0.705508	img__0_1588269208056665600.png
