TimeStamp	POS_X	POS_Y	POS_Z	Q_W	Q_X	Q_Y	Q_Z	ImageFile
1588261191994	0.000000	0.000000	-0.146496	1.000000	0.000000	0.000000	0.000013	img__0_1588261193180582000.png
1588261192081	0.000000	0.000000	-0.146496	1.000000	0.000000	0.000000	0.000013	img__0_1588261193265891800.png
1588261192168	0.000000	0.000000	-0.146496	1.000000	0.000000	0.000000	0.000013	img__0_1588261193352455900.png
1588261192255	0.000000	0.000000	-0.146496	1.000000	0.000000	0.000000	0.000013	img__0_1588261193441195400.png
1588261192342	0.000000	0.000000	-0.146496	1.000000	0.000000	0.000000	0.000013	img__0_1588261193528983500.png
1588261192429	0.000000	0.000000	-0.146496	1.000000	0.000000	0.000000	0.000013	img__0_1588261193615078500.png
1588261192516	0.000000	0.000000	-0.146496	1.000000	0.000000	0.000000	0.000013	img__0_1588261193703084800.png
1588261192609	0.000000	-0.000000	-0.147118	1.000000	-0.000481	-0.000137	0.000299	img__0_1588261193794247900.png
1588261192696	0.000033	-0.000103	-0.164171	0.999974	-0.001828	-0.000601	0.007003	img__0_1588261193881240600.png
1588261192789	0.000204	-0.000611	-0.213581	0.999686	-0.002563	-0.000847	0.024905	img__0_1588261193974073100.png
1588261192879	0.000580	-0.001689	-0.298210	0.998742	-0.002955	-0.000981	0.050054	img__0_1588261194064337800.png
1588261192969	0.001217	-0.003439	-0.420383	0.997081	-0.003153	-0.001086	0.076273	img__0_1588261194154346000.png
1588261193059	0.002050	-0.005646	-0.538406	0.995405	-0.003244	-0.001193	0.095695	img__0_1588261194245103700.png
1588261193152	0.003114	-0.008353	-0.645295	0.994007	-0.003279	-0.001295	0.109260	img__0_1588261194336254900.png
1588261193242	0.004362	-0.011387	-0.734552	0.994474	-0.003273	-0.001412	0.104919	img__0_1588261194426693300.png
1588261193335	0.005892	-0.014952	-0.812482	0.997638	-0.003242	-0.001535	0.068605	img__0_1588261194518392000.png
1588261193425	0.007607	-0.018824	-0.874336	0.999989	-0.003215	-0.001597	0.003163	img__0_1588261194611992000.png
1588261193515	0.009535	-0.023121	-0.923070	0.996390	-0.003206	-0.001567	-0.084819	img__0_1588261194702148000.png
1588261193605	0.011633	-0.027859	-0.958854	0.982211	-0.003220	-0.001437	-0.187749	img__0_1588261194790349600.png
1588261193689	0.013691	-0.032694	-0.980677	0.956570	-0.003248	-0.001235	-0.291481	img__0_1588261194876172800.png
1588261193776	0.015853	-0.038124	-0.991571	0.920764	-0.003297	-0.000926	-0.390106	img__0_1588261194961769700.png
1588261193866	0.018034	-0.044187	-0.990345	0.886450	-0.003368	-0.000524	-0.462812	img__0_1588261195051195000.png
1588261193950	0.019943	-0.050236	-0.977743	0.860545	-0.003423	-0.000159	-0.509363	img__0_1588261195135401300.png
1588261194034	0.021651	-0.056648	-0.954623	0.840375	-0.009663	0.003760	-0.541906	img__0_1588261195219043800.png
1588261194118	0.021130	-0.064617	-0.929722	0.821521	-0.090643	0.035884	-0.561783	img__0_1588261195302412300.png
1588261194205	0.006746	-0.082090	-0.917107	0.801801	-0.166703	0.067111	-0.569931	img__0_1588261195389865100.png
1588261194292	-0.035384	-0.117355	-0.920434	0.788190	-0.209929	0.087128	-0.571922	img__0_1588261195477580500.png
1588261194379	-0.113236	-0.174546	-0.935809	0.781143	-0.233380	0.099594	-0.570466	img__0_1588261195564102100.png
1588261194463	-0.226214	-0.252313	-0.959334	0.783283	-0.227480	0.099632	-0.569907	img__0_1588261195650392200.png
1588261194556	-0.390267	-0.361233	-0.991415	0.803161	-0.131492	0.058615	-0.578106	img__0_1588261195741125500.png
1588261194646	-0.571834	-0.479892	-1.023822	0.811538	-0.073268	0.032779	-0.578761	img__0_1588261195830682100.png
1588261194730	-0.751075	-0.596423	-1.049263	0.815069	-0.041312	0.018004	-0.577609	img__0_1588261195916773000.png
1588261194817	-0.941441	-0.720013	-1.064360	0.816930	-0.022920	0.009444	-0.576204	img__0_1588261196002567300.png
1588261194907	-1.140902	-0.849538	-1.067340	0.818064	-0.012322	0.004429	-0.574978	img__0_1588261196093411700.png
1588261195003	-1.354920	-0.988684	-1.056491	0.818846	-0.006249	0.001527	-0.573977	img__0_1588261196186811400.png
1588261195087	-1.542523	-1.110863	-1.035161	0.819327	-0.003346	0.000128	-0.573317	img__0_1588261196274920600.png
1588261195177	-1.743461	-1.241977	-1.000126	0.819709	-0.001602	-0.000717	-0.572778	img__0_1588261196364622500.png
1588261195264	-1.937420	-1.368807	-0.954389	0.819991	-0.000670	-0.001171	-0.572374	img__0_1588261196449145700.png
1588261195348	-2.124315	-1.491278	-0.899295	0.820206	-0.000161	-0.001420	-0.572066	img__0_1588261196533412800.png
1588261195432	-2.310782	-1.613732	-0.833727	0.820382	0.000130	-0.001563	-0.571814	img__0_1588261196618638500.png
1588261195519	-2.503400	-1.740532	-0.762167	0.820534	0.000301	-0.001647	-0.571596	img__0_1588261196703627400.png
1588261195606	-2.695429	-1.867312	-0.702721	0.820664	0.000397	-0.001694	-0.571408	img__0_1588261196792601800.png
1588261195690	-2.880248	-1.989702	-0.662131	0.820776	0.000449	-0.001719	-0.571247	img__0_1588261196878183600.png
1588261195777	-3.071048	-2.116437	-0.637864	0.820881	0.000480	-0.001734	-0.571096	img__0_1588261196964228700.png
1588261195864	-3.261206	-2.243148	-0.633731	0.820978	0.000566	-0.001643	-0.570957	img__0_1588261197048283400.png
1588261195951	-3.450711	-2.369607	-0.660515	0.820784	0.022398	0.015680	-0.570583	img__0_1588261197135877200.png
1588261196035	-3.633436	-2.485570	-0.719333	0.818622	0.062103	0.046662	-0.569055	img__0_1588261197221122600.png
1588261196125	-3.829504	-2.596107	-0.804646	0.820285	0.035945	0.027604	-0.570157	img__0_1588261197310595300.png
1588261196209	-4.012500	-2.692892	-0.875794	0.820825	0.020673	0.014778	-0.570614	img__0_1588261197395885000.png
1588261196299	-4.208312	-2.793103	-0.939104	0.821008	0.011520	0.007228	-0.570755	img__0_1588261197484760100.png
1588261196386	-4.397226	-2.888040	-0.987824	0.821080	0.006645	0.003226	-0.570766	img__0_1588261197572113600.png
1588261196473	-4.585712	-2.981910	-1.024436	0.821132	0.003931	0.001006	-0.570724	img__0_1588261197659518300.png
1588261196560	-4.773735	-3.075170	-1.049052	0.821185	0.002419	-0.000224	-0.570658	img__0_1588261197746542400.png
1588261196644	-4.954819	-3.164872	-1.061508	0.821241	0.001600	-0.000888	-0.570579	img__0_1588261197831901400.png
1588261196731	-5.141889	-3.257566	-1.062733	0.821289	0.004930	-0.004297	-0.570475	img__0_1588261197916517400.png
1588261196815	-5.321098	-3.346676	-1.052637	0.819017	0.051441	-0.053712	-0.568929	img__0_1588261198001629600.png
1588261196902	-5.497900	-3.437464	-1.029952	0.810725	0.117425	-0.116226	-0.561630	img__0_1588261198087072700.png
1588261196989	-5.654864	-3.524575	-0.992943	0.802880	0.158244	-0.150558	-0.554685	img__0_1588261198177246500.png
1588261197076	-5.784167	-3.605911	-0.942634	0.805501	0.150528	-0.141151	-0.555505	img__0_1588261198263064900.png
1588261197163	-5.877567	-3.679513	-0.906435	0.818113	0.082145	-0.078137	-0.563771	img__0_1588261198350024300.png
1588261197250	-5.949037	-3.748453	-0.884471	0.822037	0.045474	-0.044005	-0.565907	img__0_1588261198436053200.png
1588261197337	-6.011801	-3.815610	-0.853104	0.823416	0.024784	-0.024772	-0.566355	img__0_1588261198523591700.png
1588261197424	-6.070007	-3.881897	-0.809921	0.823968	0.013186	-0.013990	-0.566311	img__0_1588261198610940600.png
1588261197511	-6.125503	-3.948029	-0.758319	0.822855	-0.022500	-0.044468	-0.566062	img__0_1588261198697339200.png
1588261197598	-6.176195	-4.024103	-0.729047	0.813073	-0.101345	-0.112226	-0.562181	img__0_1588261198783767000.png
1588261197685	-6.220299	-4.126851	-0.724174	0.815189	-0.088042	-0.089747	-0.565385	img__0_1588261198870074500.png
1588261197779	-6.263784	-4.256047	-0.709968	0.819551	-0.048002	-0.049053	-0.568881	img__0_1588261198963962500.png
1588261197863	-6.301342	-4.381467	-0.684791	0.820748	-0.026906	-0.028677	-0.569936	img__0_1588261199050365000.png
1588261197950	-6.339190	-4.516180	-0.646905	0.821103	-0.014751	-0.016664	-0.570346	img__0_1588261199135934900.png
1588261198037	-6.376305	-4.653767	-0.601756	0.821203	-0.007973	-0.010030	-0.570492	img__0_1588261199220262800.png
1588261198121	-6.411410	-4.788914	-0.583690	0.821240	-0.004303	-0.006439	-0.570530	img__0_1588261199305744400.png
1588261198208	-6.447108	-4.930470	-0.604541	0.821272	-0.002163	-0.004352	-0.570516	img__0_1588261199393119300.png
1588261198295	-6.482287	-5.072877	-0.657261	0.821311	-0.000973	-0.003195	-0.570470	img__0_1588261199480807200.png
1588261198379	-6.515947	-5.210672	-0.708236	0.821355	-0.000327	-0.002569	-0.570412	img__0_1588261199566277700.png
1588261198466	-6.550557	-5.353506	-0.750324	0.819487	0.000056	-0.002206	-0.573093	img__0_1588261199650942300.png
1588261198550	-6.583729	-5.491472	-0.784110	0.805818	0.000298	-0.002004	-0.592160	img__0_1588261199735190500.png
1588261198640	-6.618986	-5.639326	-0.820478	0.784600	0.000420	-0.001888	-0.620000	img__0_1588261199826740400.png
1588261198727	-6.652835	-5.782246	-0.845690	0.768985	0.000445	-0.001834	-0.639264	img__0_1588261199913732600.png
1588261198811	-6.685314	-5.920223	-0.858717	0.757966	0.000431	-0.001810	-0.652292	img__0_1588261199998251500.png
1588261198898	-6.718747	-6.063112	-0.860531	0.750265	0.000402	-0.001801	-0.661135	img__0_1588261200083782800.png
1588261198982	-6.750831	-6.201060	-0.851018	0.746880	0.000370	-0.001800	-0.664956	img__0_1588261200169041400.png
1588261199069	-6.783863	-6.343925	-0.829531	0.745478	0.000344	-0.001801	-0.666527	img__0_1588261200254150400.png
1588261199156	-6.816696	-6.486784	-0.796271	0.744554	0.000328	-0.001802	-0.667560	img__0_1588261200341467400.png
1588261199240	-6.848212	-6.624708	-0.753082	0.743930	0.003807	-0.004938	-0.668228	img__0_1588261200425802900.png
1588261199324	-6.878555	-6.762525	-0.699389	0.741466	0.055457	-0.051374	-0.666719	img__0_1588261200510533300.png
1588261199408	-6.900050	-6.899436	-0.644501	0.742518	0.059634	-0.055408	-0.664861	img__0_1588261200594049300.png
1588261199498	-6.909330	-7.044734	-0.593973	0.749445	0.032375	-0.031420	-0.660528	img__0_1588261200681159800.png
1588261199588	-6.911779	-7.189348	-0.534808	0.754109	0.017785	-0.018209	-0.656255	img__0_1588261200773112000.png
1588261199672	-6.910811	-7.324006	-0.468544	0.757026	0.010243	-0.011225	-0.653208	img__0_1588261200858103900.png
1588261199759	-6.907874	-7.463293	-0.388930	0.759143	0.005866	-0.007104	-0.650859	img__0_1588261200945136800.png
1588261199846	-6.903738	-7.602472	-0.298389	0.760649	0.003424	-0.004776	-0.649137	img__0_1588261201033087900.png
1588261199930	-6.899028	-7.736793	-0.200848	0.761704	0.002100	-0.003502	-0.647912	img__0_1588261201115846500.png
1588261200011	-6.899900	-7.709652	-0.217869	0.761933	0.001594	-0.002877	-0.647647	img__0_1588261201197832700.png
1588261200098	-6.899741	-7.710833	-0.213679	0.761409	0.001235	-0.002443	-0.648266	img__0_1588261201284788700.png
1588261200188	-6.899746	-7.707677	-0.213119	0.760477	0.001024	-0.002174	-0.649361	img__0_1588261201374467100.png
1588261200275	-6.901327	-7.672671	-0.248234	0.760267	0.000000	0.000000	-0.649611	img__0_1588261201461817000.png
1588261200362	-6.901327	-7.672671	-0.248234	0.760267	0.000000	0.000000	-0.649611	img__0_1588261201548145300.png
1588261200446	-6.901327	-7.672671	-0.248234	0.760267	0.000000	0.000000	-0.649611	img__0_1588261201632532800.png
1588261200530	-6.901327	-7.672671	-0.248234	0.760267	0.000000	0.000000	-0.649611	img__0_1588261201718053700.png
1588261200614	-6.901327	-7.672671	-0.248234	0.760267	0.000000	0.000000	-0.649611	img__0_1588261201801522300.png
1588261200698	-6.901327	-7.672671	-0.248234	0.760267	0.000000	0.000000	-0.649611	img__0_1588261201884952600.png
1588261200785	-6.901327	-7.672671	-0.248234	0.760267	0.000000	0.000000	-0.649611	img__0_1588261201973181500.png
1588261200872	-6.901327	-7.672671	-0.248234	0.760267	0.000000	0.000000	-0.649611	img__0_1588261202059410200.png
1588261200956	-6.901327	-7.672671	-0.248234	0.760267	0.000000	0.000000	-0.649611	img__0_1588261202143556000.png
1588261201043	-6.901327	-7.672671	-0.248234	0.760267	0.000000	0.000000	-0.649611	img__0_1588261202228943100.png
1588261201124	-6.901327	-7.672671	-0.248234	0.760267	0.000000	0.000000	-0.649611	img__0_1588261202310202400.png
1588261201211	-6.901327	-7.672671	-0.248234	0.760267	0.000000	0.000000	-0.649611	img__0_1588261202397990500.png
