TimeStamp	POS_X	POS_Y	POS_Z	Q_W	Q_X	Q_Y	Q_Z	ImageFile
1588269376315	0.000000	0.000001	-0.147555	1.000000	0.000323	-0.000228	0.000015	img__0_1588269376490822500.png
1588269376402	0.000044	0.000057	-0.167481	0.999999	0.000791	-0.000637	0.000049	img__0_1588269376578127700.png
1588269376492	0.000246	0.000313	-0.237054	0.999999	0.001081	-0.000866	0.000115	img__0_1588269376666385800.png
1588269376579	0.000652	0.000821	-0.352540	0.999998	0.001235	-0.000988	-0.001053	img__0_1588269376754773400.png
1588269376669	0.001267	0.001593	-0.494485	0.999860	0.001335	-0.001046	-0.016645	img__0_1588269376842343900.png
1588269376756	0.002016	0.002527	-0.628249	0.998408	0.001395	-0.001062	-0.056372	img__0_1588269376931456600.png
1588269376849	0.002998	0.003738	-0.769144	0.992269	0.001421	-0.001072	-0.124092	img__0_1588269377024104400.png
1588269376936	0.004120	0.005079	-0.905941	0.978347	0.001408	-0.001095	-0.206963	img__0_1588269377111503000.png
1588269377023	0.005460	0.006605	-1.048832	0.953026	0.001358	-0.001138	-0.302885	img__0_1588269377198222100.png
1588269377107	0.006947	0.008204	-1.181774	0.916883	0.001274	-0.001203	-0.399153	img__0_1588269377283892600.png
1588269377191	0.008617	0.009883	-1.302330	0.879708	0.001147	-0.001306	-0.475511	img__0_1588269377367681500.png
1588269377278	0.010548	0.011669	-1.413694	0.847814	0.001000	-0.001424	-0.530291	img__0_1588269377454061000.png
1588269377371	0.012845	0.013591	-1.517999	0.821629	0.000852	-0.001533	-0.570020	img__0_1588269377547549900.png
1588269377464	0.015386	0.015491	-1.607480	0.802384	-0.000733	-0.000535	-0.596807	img__0_1588269377639329300.png
1588269377548	0.017305	0.016998	-1.675844	0.787562	-0.056174	0.041864	-0.612240	img__0_1588269377722764500.png
1588269377635	0.011589	0.016456	-1.733710	0.769277	-0.128373	0.097847	-0.618191	img__0_1588269377811090300.png
1588269377725	-0.013905	0.011069	-1.777356	0.753474	-0.171096	0.132717	-0.620798	img__0_1588269377900876600.png
1588269377809	-0.061931	0.000555	-1.800919	0.743134	-0.191922	0.151444	-0.622883	img__0_1588269377984999600.png
1588269377899	-0.143030	-0.016883	-1.806018	0.738787	-0.191780	0.153594	-0.627554	img__0_1588269378074477100.png
1588269377989	-0.254249	-0.040211	-1.790613	0.750534	-0.120523	0.095468	-0.642696	img__0_1588269378165286100.png
1588269378082	-0.390949	-0.068548	-1.757464	0.755066	-0.066380	0.051566	-0.650239	img__0_1588269378258224700.png
1588269378175	-0.539841	-0.099350	-1.710302	0.755757	-0.035526	0.026742	-0.653340	img__0_1588269378348904200.png
1588269378286	-0.728060	-0.138407	-1.670316	0.756219	-0.016781	0.011826	-0.653997	img__0_1588269378461079100.png
1588269378379	-0.891685	-0.172595	-1.684445	0.759032	-0.008844	0.005590	-0.650969	img__0_1588269378553934300.png
1588269378469	-1.052365	-0.206399	-1.732100	0.763637	-0.004670	0.002304	-0.645625	img__0_1588269378644012100.png
1588269378556	-1.208291	-0.239364	-1.774825	0.767524	-0.002448	0.000522	-0.641015	img__0_1588269378731629700.png
1588269378646	-1.369687	-0.273638	-1.806415	0.770370	-0.001177	-0.000514	-0.637596	img__0_1588269378823237600.png
1588269378739	-1.536328	-0.309192	-1.825614	0.772440	-0.000462	-0.001101	-0.635086	img__0_1588269378915526100.png
1588269378826	-1.691973	-0.342555	-1.831270	0.773821	-0.000094	-0.001403	-0.633403	img__0_1588269379003477500.png
1588269378913	-1.847319	-0.376003	-1.825054	0.774825	0.000114	-0.001572	-0.632174	img__0_1588269379089504500.png
1588269379000	-2.002333	-0.409529	-1.806985	0.775562	0.000232	-0.001667	-0.631270	img__0_1588269379173957800.png
1588269379084	-2.151590	-0.442324	-1.779668	0.774323	-0.042245	-0.048787	-0.629491	img__0_1588269379260572300.png
1588269379171	-2.304602	-0.486848	-1.760840	0.770166	-0.087328	-0.080932	-0.626633	img__0_1588269379347480700.png
1588269379258	-2.455803	-0.552433	-1.764560	0.774318	-0.046878	-0.045125	-0.629443	img__0_1588269379433598800.png
1588269379342	-2.600490	-0.629783	-1.799451	0.775563	-0.026498	-0.026261	-0.630167	img__0_1588269379518093800.png
1588269379429	-2.749452	-0.717222	-1.856080	0.776050	-0.014583	-0.015379	-0.630316	img__0_1588269379606392700.png
1588269379519	-2.902920	-0.811119	-1.914364	0.776278	-0.007772	-0.009175	-0.630276	img__0_1588269379692858400.png
1588269379606	-3.050799	-0.903425	-1.959064	0.776412	-0.004151	-0.005885	-0.630184	img__0_1588269379781537500.png
1588269379690	-3.193175	-0.993348	-1.990747	0.776514	-0.002189	-0.004107	-0.630082	img__0_1588269379866197800.png
1588269379777	-3.340239	-1.086962	-2.011791	0.776610	-0.001045	-0.003074	-0.629974	img__0_1588269379952144900.png
1588269379864	-3.486907	-1.180870	-2.020926	0.776700	-0.000409	-0.002501	-0.629865	img__0_1588269380040737400.png
1588269379954	-3.638226	-1.278204	-2.017878	0.776793	-0.000046	-0.002175	-0.629753	img__0_1588269380130800100.png
1588269380041	-3.784109	-1.372412	-2.002865	0.776880	0.000147	-0.002002	-0.629646	img__0_1588269380215946000.png
1588269380128	-3.929593	-1.466698	-1.976040	0.776904	0.009871	-0.009698	-0.629467	img__0_1588269380303350700.png
1588269380212	-4.067495	-1.557327	-1.938966	0.772649	0.082628	-0.068535	-0.625690	img__0_1588269380389599800.png
1588269380299	-4.198329	-1.648777	-1.888241	0.771421	0.094162	-0.077828	-0.624489	img__0_1588269380475328000.png
1588269380386	-4.314625	-1.737267	-1.824857	0.775669	0.049326	-0.041492	-0.627840	img__0_1588269380563268800.png
1588269380473	-4.422387	-1.824069	-1.749933	0.776907	0.025440	-0.022124	-0.628712	img__0_1588269380649858900.png
1588269380560	-4.525617	-1.910035	-1.663999	0.777318	0.011997	-0.011220	-0.628894	img__0_1588269380735946200.png
1588269380644	-4.623103	-1.992691	-1.570854	0.777480	0.004630	-0.005243	-0.628868	img__0_1588269380822042800.png
1588269380731	-4.723048	-2.078204	-1.464092	0.776290	0.000333	-0.001746	-0.630374	img__0_1588269380906907600.png
1588269380818	-4.822664	-2.163772	-1.348001	0.761563	-0.002074	0.000246	-0.648088	img__0_1588269380993001000.png
1588269380902	-4.918931	-2.246519	-1.228116	0.732760	-0.003364	0.001310	-0.680478	img__0_1588269381078977400.png
1588269380989	-5.018972	-2.332377	-1.096131	0.707196	-0.004086	0.002008	-0.707003	img__0_1588269381164995300.png
1588269381073	-5.116130	-2.415447	-0.972609	0.690910	-0.004438	0.002484	-0.722923	img__0_1588269381250594700.png
1588269381160	-5.217607	-2.501672	-0.865570	0.683551	-0.004598	0.002843	-0.729882	img__0_1588269381337500700.png
1588269381244	-5.316525	-2.585081	-0.787194	0.684416	-0.004653	0.003087	-0.729071	img__0_1588269381421419100.png
1588269381328	-5.416299	-2.668601	-0.723598	0.688599	-0.004679	0.003231	-0.725120	img__0_1588269381505898500.png
1588269381415	-5.520291	-2.755169	-0.649519	0.691941	-0.004706	0.003299	-0.721931	img__0_1588269381590526400.png
1588269381499	-5.621305	-2.838808	-0.567494	0.694280	-0.001360	-0.000171	-0.719704	img__0_1588269381675145100.png
1588269381583	-5.721930	-2.922546	-0.478091	0.694637	0.043373	-0.046409	-0.716550	img__0_1588269381760874100.png
1588269381670	-5.812932	-3.009857	-0.411052	0.689048	0.106990	-0.112042	-0.707964	img__0_1588269381846534600.png
1588269381757	-5.874856	-3.098211	-0.372003	0.694427	0.073593	-0.077805	-0.711549	img__0_1588269381933290600.png
1588269381844	-5.918114	-3.187235	-0.335623	0.698019	0.038743	-0.041883	-0.713803	img__0_1588269382020751100.png
1588269381931	-5.953771	-3.276579	-0.287806	0.699459	0.017227	-0.019651	-0.714195	img__0_1588269382107322300.png
1588269382024	-5.987941	-3.372321	-0.227881	0.700114	0.004974	-0.006958	-0.713980	img__0_1588269382199568100.png
1588269382108	-6.017015	-3.459046	-0.201108	0.700450	-0.001207	-0.000549	-0.713700	img__0_1588269382284812100.png
1588269382192	-6.046073	-3.546009	-0.220171	0.700692	-0.004726	0.003099	-0.713442	img__0_1588269382368706000.png
1588269382276	-6.076311	-3.633176	-0.284379	0.700886	-0.006737	0.005184	-0.713223	img__0_1588269382453561000.png
1588269382360	-6.107983	-3.720479	-0.368469	0.701052	-0.007887	0.006374	-0.713038	img__0_1588269382536246800.png
1588269382450	-6.143223	-3.814092	-0.447621	0.701208	-0.008580	0.007089	-0.712870	img__0_1588269382625470300.png
1588269382528	-6.175034	-3.895288	-0.509799	0.701331	-0.008922	0.007440	-0.712741	img__0_1588269382705537900.png
1588269382615	-6.212749	-3.985987	-0.605620	0.701458	-0.009144	0.007666	-0.712611	img__0_1588269382791187700.png
1588269382699	-6.250830	-4.073642	-0.698378	0.701572	-0.009265	0.007789	-0.712495	img__0_1588269382874559900.png
1588269382783	-6.290279	-4.161355	-0.779029	0.701681	-0.009335	0.007858	-0.712387	img__0_1588269382961025200.png
1588269382873	-6.334082	-4.255398	-0.852292	0.701794	-0.009378	0.007899	-0.712275	img__0_1588269383051157400.png
1588269382954	-6.374875	-4.340096	-0.906812	0.701892	-0.009400	0.007919	-0.712178	img__0_1588269383131017900.png
1588269383038	-6.418529	-4.427990	-0.952107	0.702054	-0.000760	-0.000847	-0.712123	img__0_1588269383216649900.png
1588269383122	-6.460948	-4.515983	-0.986036	0.698533	0.071201	-0.073828	-0.708189	img__0_1588269383300616800.png
1588269383206	-6.492572	-4.604205	-1.007658	0.697199	0.084053	-0.086873	-0.706613	img__0_1588269383383486800.png
1588269383290	-6.510561	-4.692696	-1.016530	0.700883	0.045288	-0.047579	-0.710245	img__0_1588269383468663800.png
1588269383386	-6.521101	-4.794081	-1.018098	0.703372	0.020748	-0.022804	-0.710153	img__0_1588269383563020600.png
1588269383473	-6.523926	-4.886241	-1.044985	0.710575	0.008604	-0.010776	-0.703486	img__0_1588269383650008900.png
1588269383557	-6.523631	-4.975468	-1.101072	0.721374	0.002068	-0.004265	-0.692530	img__0_1588269383733258500.png
1588269383644	-6.522483	-5.068048	-1.161413	0.730923	-0.001689	-0.000431	-0.682458	img__0_1588269383819803500.png
1588269383728	-6.521433	-5.157564	-1.208046	0.737446	-0.003722	0.001657	-0.675394	img__0_1588269383905079400.png
1588269383812	-6.520798	-5.247215	-1.243378	0.742117	-0.004889	0.002832	-0.670246	img__0_1588269383989126300.png
1588269383896	-6.520780	-5.337015	-1.267515	0.745479	-0.005567	0.003484	-0.666496	img__0_1588269384072398100.png
1588269383977	-6.521453	-5.423759	-1.280254	0.747836	-0.005952	0.003832	-0.663846	img__0_1588269384155462300.png
1588269384061	-6.522933	-5.513884	-1.282579	0.749623	-0.006192	0.004027	-0.661824	img__0_1588269384239516100.png
1588269384145	-6.525242	-5.604186	-1.273831	0.750928	-0.006335	0.004129	-0.660341	img__0_1588269384323660800.png
1588269384232	-6.528532	-5.697907	-1.253125	0.751919	-0.006424	0.004181	-0.659211	img__0_1588269384408193500.png
1588269384316	-6.532586	-5.788590	-1.221947	0.752627	-0.006476	0.004203	-0.658402	img__0_1588269384492938700.png
1588269384403	-6.537702	-5.882715	-1.178166	0.753176	-0.006509	0.004213	-0.657773	img__0_1588269384579184500.png
1588269384487	-6.543533	-5.973795	-1.124923	0.753579	-0.006529	0.004215	-0.657311	img__0_1588269384664313700.png
1588269384571	-6.550290	-6.065088	-1.064060	0.753894	-0.006542	0.004214	-0.656950	img__0_1588269384748817100.png
1588269384655	-6.558439	-6.156730	-1.027003	0.754700	-0.006547	0.004216	-0.656024	img__0_1588269384832555700.png
1588269384739	-6.568043	-6.248745	-1.017638	0.757790	-0.006543	0.004228	-0.652452	img__0_1588269384915445600.png
1588269384823	-6.578610	-6.340988	-1.003432	0.760427	-0.006552	0.004218	-0.649377	img__0_1588269384999656200.png
1588269384907	-6.590050	-6.433440	-0.978203	0.762339	-0.006568	0.004195	-0.647131	img__0_1588269385084056600.png
1588269384991	-6.602363	-6.526105	-0.942021	0.763734	-0.006584	0.004171	-0.645484	img__0_1588269385168588400.png
1588269385075	-6.615547	-6.618993	-0.894988	0.764759	-0.006598	0.004149	-0.644269	img__0_1588269385253106600.png
1588269385159	-6.629600	-6.712105	-0.837234	0.765519	-0.006610	0.004130	-0.643367	img__0_1588269385336821100.png
1588269385246	-6.645073	-6.808784	-0.766289	0.766105	-0.006620	0.004115	-0.642668	img__0_1588269385422716200.png
1588269385333	-6.661486	-6.905712	-0.684226	0.766547	-0.006628	0.004102	-0.642141	img__0_1588269385510429600.png
1588269385417	-6.678223	-6.999538	-0.594663	0.766876	-0.006634	0.004093	-0.641748	img__0_1588269385595377900.png
1588269385501	-6.695838	-7.093604	-0.495191	0.767137	-0.006639	0.004086	-0.641436	img__0_1588269385679992200.png
1588269385591	-6.715689	-7.194656	-0.377909	0.767361	-0.006642	0.004080	-0.641168	img__0_1588269385768679300.png
1588269385675	-6.735132	-7.289224	-0.258742	0.767534	-0.006645	0.004076	-0.640961	img__0_1588269385852176100.png
1588269385762	-6.735910	-7.292822	-0.253792	0.767660	0.000000	0.000000	-0.640857	img__0_1588269385937110600.png
1588269385852	-6.735910	-7.292822	-0.253792	0.767660	0.000000	0.000000	-0.640857	img__0_1588269386029951900.png
1588269385936	-6.735910	-7.292822	-0.253792	0.767660	0.000000	0.000000	-0.640857	img__0_1588269386114267900.png
1588269386023	-6.735910	-7.292822	-0.253792	0.767660	0.000000	0.000000	-0.640857	img__0_1588269386200031100.png
1588269386104	-6.735910	-7.292822	-0.253792	0.767660	0.000000	0.000000	-0.640857	img__0_1588269386282577800.png
1588269386194	-6.735910	-7.292822	-0.253792	0.767660	0.000000	0.000000	-0.640857	img__0_1588269386370466400.png
1588269386275	-6.735910	-7.292822	-0.253792	0.767660	0.000000	0.000000	-0.640857	img__0_1588269386453354000.png
1588269386359	-6.735910	-7.292822	-0.253792	0.767660	0.000000	0.000000	-0.640857	img__0_1588269386538256900.png
1588269386443	-6.735910	-7.292822	-0.253792	0.767660	0.000000	0.000000	-0.640857	img__0_1588269386619908300.png
1588269386524	-6.735910	-7.292822	-0.253792	0.767660	0.000000	0.000000	-0.640857	img__0_1588269386703127100.png
1588269386605	-6.735910	-7.292822	-0.253792	0.767660	0.000000	0.000000	-0.640857	img__0_1588269386784477800.png
1588269386692	-6.735910	-7.292822	-0.253792	0.767660	0.000000	0.000000	-0.640857	img__0_1588269386868777000.png
1588269386776	-6.735910	-7.292822	-0.253792	0.767660	0.000000	0.000000	-0.640857	img__0_1588269386954377500.png
1588269386860	-6.735910	-7.292822	-0.253792	0.767660	0.000000	0.000000	-0.640857	img__0_1588269387039008400.png
