TimeStamp	POS_X	POS_Y	POS_Z	Q_W	Q_X	Q_Y	Q_Z	ImageFile
1588184134883	0.000000	0.000000	-0.146496	1.000000	0.000000	0.000000	-0.000861	img__0_1588184137458974900.png
1588184135054	0.000000	0.000000	-0.146496	1.000000	0.000000	0.000000	-0.000861	img__0_1588184137630774200.png
1588184135258	0.000000	0.000000	-0.146496	1.000000	0.000000	0.000000	-0.000861	img__0_1588184137833912600.png
1588184135558	0.000000	0.000000	-0.146496	1.000000	0.000000	0.000000	-0.000861	img__0_1588184138137365700.png
1588184135849	0.000000	0.000000	-0.146496	1.000000	0.000000	0.000000	-0.000861	img__0_1588184138426785700.png
1588184136044	0.000000	0.000000	-0.146496	1.000000	0.000000	0.000000	-0.000861	img__0_1588184138622724200.png
1588184136236	0.000000	0.000000	-0.146496	1.000000	0.000000	0.000000	-0.000861	img__0_1588184138815623200.png
1588184136506	0.000000	0.000000	-0.146496	1.000000	0.000000	0.000000	-0.000861	img__0_1588184139084099700.png
1588184136887	0.000000	0.000000	-0.146496	1.000000	0.000000	0.000000	-0.000861	img__0_1588184139467135900.png
1588184137079	0.000000	0.000000	-0.146496	1.000000	0.000000	0.000000	-0.000861	img__0_1588184139657024600.png
1588184137406	0.000000	0.000000	-0.146496	1.000000	0.000000	0.000000	-0.000861	img__0_1588184139985463200.png
1588184137709	0.000000	0.000000	-0.146496	1.000000	0.000000	0.000000	-0.000861	img__0_1588184140289709400.png
1588184137895	0.000001	0.000001	-0.146562	1.000000	0.000384	-0.000281	-0.000890	img__0_1588184140473771700.png
1588184138081	0.000196	0.000248	-0.149207	0.999998	0.001114	-0.000893	-0.001682	img__0_1588184140659200500.png
1588184138408	0.002059	0.002567	-0.165067	0.999989	0.001390	-0.001118	-0.004435	img__0_1588184140987286600.png
1588184138747	0.006542	0.008113	-0.221882	0.999967	0.001419	-0.001146	-0.007925	img__0_1588184141324447100.png
1588184138942	0.010379	0.012840	-0.289830	0.999948	0.001419	-0.001151	-0.010024	img__0_1588184141523717300.png
1588184139131	0.014986	0.018493	-0.380440	0.999925	0.001418	-0.001155	-0.012081	img__0_1588184141709833500.png
1588184139464	0.025237	0.031005	-0.597522	0.999875	0.001414	-0.001160	-0.015729	img__0_1588184142042812100.png
1588184139854	0.042413	0.049620	-0.912553	0.999439	0.000926	-0.026821	-0.020042	img__0_1588184142434092700.png
1588184140058	0.072315	0.060234	-1.075995	0.998767	0.000541	-0.044357	-0.022300	img__0_1588184142640062700.png
1588184140259	0.135952	0.070368	-1.231422	0.998177	0.000230	-0.055150	-0.024519	img__0_1588184142840215200.png
1588184140526	0.286823	0.082455	-1.427713	0.997898	0.000003	-0.058689	-0.027468	img__0_1588184143106778000.png
1588184140742	0.467489	0.090657	-1.575574	0.997798	-0.000146	-0.059224	-0.029854	img__0_1588184143324485700.png
1588184140928	0.664823	0.096385	-1.688932	0.997728	-0.000269	-0.059340	-0.031909	img__0_1588184143509455400.png
1588184141228	1.063645	0.102635	-1.837462	0.997614	-0.000466	-0.059378	-0.035224	img__0_1588184143807405100.png
1588184141561	1.621183	0.104661	-1.953854	0.998120	-0.000232	-0.047349	-0.038905	img__0_1588184144142115300.png
1588184141756	1.995453	0.103737	-1.997098	0.998288	-0.000125	-0.041670	-0.041056	img__0_1588184144337458700.png
1588184141951	2.397269	0.102902	-2.008346	0.998231	0.031867	-0.027721	-0.041838	img__0_1588184144534454400.png
1588184142194	2.923084	0.131188	-1.973196	0.996948	0.064470	-0.008775	-0.043150	img__0_1588184144775589600.png
1588184142533	3.674859	0.281646	-1.830190	0.996298	0.072046	-0.004791	-0.046650	img__0_1588184145115781800.png
1588184142782	4.235797	0.484821	-1.655411	0.996116	0.072750	-0.004594	-0.049397	img__0_1588184145364709400.png
1588184142995	4.721276	0.721624	-1.458101	0.995987	0.072866	-0.004697	-0.051758	img__0_1588184145576914300.png
1588184143286	5.393617	1.141211	-1.134603	0.995812	0.072886	-0.004914	-0.054982	img__0_1588184145866713000.png
1588184143670	6.299829	1.879193	-0.722069	0.995567	0.072869	-0.005223	-0.059233	img__0_1588184146253594600.png
1588184143871	6.783775	2.352173	-0.539586	0.995432	0.072858	-0.005386	-0.061457	img__0_1588184146455294500.png
1588184144060	7.245138	2.850903	-0.390259	0.995301	0.072846	-0.005539	-0.063548	img__0_1588184146644406500.png
1588184144321	7.892721	3.625273	-0.231138	0.997124	0.036020	-0.003325	-0.066598	img__0_1588184146902874600.png
1588184144627	7.881131	3.620618	-0.192969	0.997450	0.006105	-0.001505	-0.071094	img__0_1588184147210605500.png
1588184144822	7.882846	3.621364	-0.184546	0.997062	0.002767	-0.001303	-0.076536	img__0_1588184147407826300.png
1588184145113	8.086593	3.879866	-0.015504	0.996190	0.001583	-0.001237	-0.087185	img__0_1588184147697751800.png
1588184145548	8.023848	3.799259	0.024114	0.995027	0.001341	-0.001219	-0.099593	img__0_1588184148132317500.png
1588184145740	7.848640	3.577602	-0.148277	0.994461	0.001321	-0.001123	-0.105093	img__0_1588184148326562600.png
1588184145926	7.768450	3.476307	-0.247433	0.994286	0.000000	0.000000	-0.106751	img__0_1588184148511768000.png
1588184146133	7.768491	3.476342	-0.254959	0.994259	0.000710	-0.000707	-0.106998	img__0_1588184148716774700.png
1588184146421	7.769748	3.477367	-0.343566	0.994046	0.001211	-0.001205	-0.108948	img__0_1588184149005557700.png
1588184146697	7.773183	3.480147	-0.527992	0.993753	0.001282	-0.001278	-0.111586	img__0_1588184149283271700.png
1588184147036	7.780605	3.486123	-0.868317	0.993347	0.001290	-0.001294	-0.115148	img__0_1588184149620791500.png
1588184147234	7.786350	3.490746	-1.037552	0.992868	0.021619	-0.001763	-0.117231	img__0_1588184149820665200.png
1588184147429	7.794165	3.513919	-1.136438	0.984162	0.131364	0.025941	-0.116168	img__0_1588184150013218100.png
1588184147676	7.797397	3.641289	-1.154739	0.991822	0.042710	0.010591	-0.119801	img__0_1588184150261348400.png
1588184148024	7.792302	3.899950	-0.996062	0.992177	0.005366	-0.000164	-0.124726	img__0_1588184150611031600.png
1588184148234	7.784047	4.063776	-0.801958	0.987347	-0.017499	0.094605	-0.126057	img__0_1588184150820662900.png
1588184148435	7.735339	4.218368	-0.548594	0.991540	-0.003528	0.022136	-0.127851	img__0_1588184151019137900.png
1588184148636	7.668694	4.372142	-0.234752	0.991559	-0.000026	0.004713	-0.129569	img__0_1588184151222781400.png
1588184149029	7.673526	4.361145	-0.256899	0.991284	0.000000	0.000000	-0.131739	img__0_1588184151615419100.png
1588184149233	7.673526	4.361145	-0.256899	0.991284	0.000000	0.000000	-0.131739	img__0_1588184151819103300.png
1588184149422	7.673592	4.361195	-0.275673	0.991245	0.000728	-0.000767	-0.132035	img__0_1588184152008589100.png
1588184149623	7.674616	4.361948	-0.487429	0.991074	0.001126	-0.001178	-0.133305	img__0_1588184152209491800.png
1588184149827	7.677078	4.363747	-0.857131	0.990830	0.001228	-0.001286	-0.135106	img__0_1588184152413958400.png
1588184150238	7.687164	4.377230	-1.373565	0.977554	0.158064	-0.023191	-0.137355	img__0_1588184152825704800.png
1588184150430	7.715778	4.463406	-1.493135	0.984866	0.100279	-0.014997	-0.140566	img__0_1588184153017356400.png
1588184150655	7.772272	4.641436	-1.539251	0.989318	0.023661	-0.004356	-0.143776	img__0_1588184153241837300.png
1588184150925	7.849306	4.882811	-1.484102	0.992694	0.004921	-0.001971	-0.120543	img__0_1588184153513106800.png
1588184151147	7.915416	5.086842	-1.389129	0.999523	0.002076	-0.001556	-0.030782	img__0_1588184153736428200.png
1588184151339	7.973670	5.264528	-1.243846	0.999971	0.001572	-0.001302	0.007296	img__0_1588184153925492300.png
1588184151990	8.176498	5.872369	-0.324017	0.999451	0.001463	-0.001102	0.033081	img__0_1588184154578000200.png
1588184152386	8.186776	5.902525	-0.252173	0.999479	0.000000	0.000000	0.032271	img__0_1588184154974242100.png
1588184152665	8.186776	5.902525	-0.252173	0.999479	0.000000	0.000000	0.032271	img__0_1588184155255795000.png
1588184152875	8.186776	5.902525	-0.252173	0.999479	0.000000	0.000000	0.032271	img__0_1588184155465142600.png
1588184153058	8.186776	5.902525	-0.252173	0.999479	0.000000	0.000000	0.032271	img__0_1588184155647733700.png
1588184153355	8.186776	5.902525	-0.252173	0.999479	0.000000	0.000000	0.032271	img__0_1588184155943833800.png
1588184153661	8.187086	5.902977	-0.406357	0.999507	0.001172	-0.000879	0.031355	img__0_1588184156250126800.png
1588184153853	8.187928	5.904184	-0.537380	0.999554	0.001382	-0.001037	0.029828	img__0_1588184156441366800.png
1588184154114	8.190014	5.907163	-0.610561	0.999626	0.001448	-0.001089	0.027291	img__0_1588184156704258600.png
1588184154570	8.078465	5.910203	-0.438260	0.997169	-0.000626	0.071764	0.022454	img__0_1588184157160955500.png
1588184154759	7.932407	5.907770	-0.250658	0.999608	0.000817	0.019178	0.020381	img__0_1588184157350641900.png
1588184154948	7.947035	5.908020	-0.269485	0.999822	0.000000	0.000000	0.018869	img__0_1588184157537032300.png
1588184155230	7.947035	5.908020	-0.269485	0.999822	0.000000	0.000000	0.018869	img__0_1588184157820902600.png
1588184155593	7.947035	5.908020	-0.269485	0.999822	0.000000	0.000000	0.018869	img__0_1588184158185755400.png
1588184155785	7.947035	5.908020	-0.269485	0.999822	0.000000	0.000000	0.018869	img__0_1588184158377210400.png
1588184155986	7.947035	5.908020	-0.269485	0.999822	0.000000	0.000000	0.018869	img__0_1588184158578371800.png
1588184156271	7.947035	5.908020	-0.269485	0.999822	0.000000	0.000000	0.018869	img__0_1588184158863262800.png
1588184156601	7.947035	5.908020	-0.269485	0.999822	0.000000	0.000000	0.018869	img__0_1588184159192737400.png
1588184156790	7.947035	5.908020	-0.269485	0.999822	0.000000	0.000000	0.018869	img__0_1588184159384253800.png
