TimeStamp	POS_X	POS_Y	POS_Z	Q_W	Q_X	Q_Y	Q_Z	ImageFile
1588260432495	0.000000	0.000000	-0.146496	1.000000	0.000000	0.000000	0.000441	img__0_1588260433353174100.png
1588260432591	0.000000	0.000000	-0.146496	1.000000	0.000000	0.000000	0.000441	img__0_1588260433449690000.png
1588260432690	0.000000	0.000000	-0.146545	1.000000	-0.000204	-0.000016	0.000445	img__0_1588260433548372400.png
1588260432789	0.000035	-0.000387	-0.167992	0.999978	-0.006470	-0.000597	0.001200	img__0_1588260433649364300.png
1588260432891	0.000259	-0.002779	-0.252014	0.999952	-0.009293	-0.000868	0.003017	img__0_1588260433750317200.png
1588260432993	0.000777	-0.008211	-0.400990	0.999929	-0.010765	-0.001017	0.004923	img__0_1588260433851387100.png
1588260433092	0.001550	-0.016216	-0.577196	0.999893	-0.011495	-0.001233	-0.009015	img__0_1588260433950908100.png
1588260433191	0.002501	-0.026070	-0.738048	0.998174	-0.011827	-0.001507	-0.059216	img__0_1588260434049695400.png
1588260433290	0.003571	-0.037767	-0.880424	0.989761	-0.011947	-0.001563	-0.142229	img__0_1588260434148067400.png
1588260433386	0.004585	-0.050909	-1.001495	0.969846	-0.011946	-0.001258	-0.243424	img__0_1588260434246143500.png
1588260433485	0.005368	-0.066305	-1.109394	0.934162	-0.011861	-0.000532	-0.356652	img__0_1588260434345409000.png
1588260433587	0.005560	-0.084036	-1.203067	0.895417	-0.011741	0.000781	-0.445072	img__0_1588260434443793400.png
1588260433683	0.004843	-0.102303	-1.275401	0.866213	-0.011602	0.002120	-0.499535	img__0_1588260434540578600.png
1588260433779	0.002987	-0.121931	-1.332685	0.844284	-0.011436	0.003284	-0.535765	img__0_1588260434637524700.png
1588260433878	-0.000327	-0.143426	-1.376239	0.827973	-0.011251	0.004233	-0.560640	img__0_1588260434737221500.png
1588260433974	-0.005042	-0.165343	-1.403595	0.816815	-0.011078	0.004921	-0.576773	img__0_1588260434834462600.png
1588260434073	-0.011555	-0.188934	-1.416578	0.808805	-0.010922	0.005436	-0.587950	img__0_1588260434930996800.png
1588260434175	-0.020288	-0.214290	-1.422939	0.803181	-0.010789	0.005809	-0.595609	img__0_1588260435033496300.png
1588260434271	-0.031511	-0.239565	-1.471205	0.799340	-0.010693	0.006049	-0.600754	img__0_1588260435130435900.png
1588260434370	-0.046056	-0.266931	-1.558478	0.787894	-0.010680	0.006107	-0.615688	img__0_1588260435228993200.png
1588260434466	-0.062052	-0.294241	-1.634463	0.760535	-0.010685	0.006085	-0.649180	img__0_1588260435325039600.png
1588260434565	-0.080370	-0.323057	-1.697002	0.737314	-0.010496	0.006373	-0.675439	img__0_1588260435423066400.png
1588260434661	-0.099936	-0.351526	-1.742543	0.721496	-0.010253	0.006749	-0.692310	img__0_1588260435521031900.png
1588260434760	-0.122009	-0.381316	-1.774128	0.710169	-0.010015	0.007110	-0.703924	img__0_1588260435620439200.png
1588260434859	-0.146028	-0.411446	-1.790228	0.702452	-0.014238	0.003035	-0.711582	img__0_1588260435719154800.png
1588260434961	-0.172915	-0.445227	-1.790894	0.693740	-0.088286	-0.061265	-0.712163	img__0_1588260435820497300.png
1588260435057	-0.201364	-0.492069	-1.775059	0.681125	-0.157462	-0.111366	-0.706309	img__0_1588260435916843500.png
1588260435153	-0.235099	-0.566329	-1.739329	0.670847	-0.197152	-0.132029	-0.702612	img__0_1588260436012954500.png
1588260435252	-0.277605	-0.677557	-1.679134	0.677507	-0.145164	-0.093004	-0.715026	img__0_1588260436113628800.png
1588260435345	-0.323666	-0.807383	-1.603781	0.683609	-0.077806	-0.051736	-0.723843	img__0_1588260436206432100.png
1588260435447	-0.377768	-0.965060	-1.504769	0.684784	-0.039000	-0.026845	-0.727207	img__0_1588260436304764300.png
1588260435543	-0.430719	-1.122778	-1.418164	0.684668	-0.020327	-0.014912	-0.728419	img__0_1588260436403502900.png
1588260435639	-0.484901	-1.287000	-1.370601	0.684388	-0.010564	-0.008658	-0.728990	img__0_1588260436499796500.png
1588260435738	-0.541284	-1.460063	-1.363918	0.684160	-0.005346	-0.005318	-0.729293	img__0_1588260436597564400.png
1588260435837	-0.597733	-1.634661	-1.366483	0.684023	-0.002671	-0.003610	-0.729447	img__0_1588260436696176600.png
1588260435936	-0.654078	-1.809821	-1.354841	0.683960	-0.001300	-0.002736	-0.729513	img__0_1588260436794533500.png
1588260436035	-0.710233	-1.985297	-1.336462	0.683953	-0.000597	-0.002290	-0.729522	img__0_1588260436893106300.png
1588260436131	-0.764361	-2.155818	-1.359837	0.683982	-0.000244	-0.002066	-0.729496	img__0_1588260436990724500.png
1588260436227	-0.818194	-2.326524	-1.402675	0.684037	-0.000060	-0.001950	-0.729445	img__0_1588260437087132000.png
1588260436323	-0.871803	-2.497264	-1.432846	0.684109	0.000037	-0.001889	-0.729378	img__0_1588260437184241000.png
1588260436422	-0.926850	-2.673352	-1.448739	0.680847	0.000097	-0.001857	-0.732423	img__0_1588260437282638500.png
1588260436518	-0.979997	-2.844106	-1.449454	0.655373	0.000160	-0.001837	-0.755303	img__0_1588260437377264500.png
1588260436614	-1.032910	-3.014854	-1.435717	0.603017	0.000195	-0.001820	-0.797727	img__0_1588260437474304400.png
1588260436710	-1.085575	-3.185608	-1.407583	0.545114	0.000150	-0.001809	-0.838360	img__0_1588260437571088200.png
1588260436815	-1.142895	-3.372404	-1.360452	0.500718	0.000031	-0.001806	-0.865608	img__0_1588260437672604400.png
1588260436908	-1.193432	-3.537909	-1.304595	0.467595	-0.000068	-0.001804	-0.883941	img__0_1588260437768042500.png
1588260437004	-1.245393	-3.708833	-1.233244	0.408048	-0.000123	-0.001798	-0.912959	img__0_1588260437866191700.png
1588260437103	-1.298792	-3.885206	-1.145364	0.333488	-0.000207	-0.001780	-0.942753	img__0_1588260437964579800.png
1588260437205	-1.353664	-4.067069	-1.041879	0.279613	-0.000349	-0.001754	-0.960111	img__0_1588260438064665100.png
1588260437301	-1.405224	-4.238465	-0.958667	0.246728	-0.000483	-0.001728	-0.969083	img__0_1588260438161941500.png
1588260437400	-1.458362	-4.415504	-0.901393	0.228722	-0.000600	-0.001701	-0.973490	img__0_1588260438259506400.png
1588260437499	-1.511503	-4.592774	-0.857814	0.220084	-0.000682	-0.001680	-0.975479	img__0_1588260438358664000.png
1588260437607	-1.569492	-4.786311	-0.794894	0.209637	-0.000731	-0.001666	-0.977778	img__0_1588260438467014200.png
1588260437706	-1.622678	-4.963850	-0.721726	0.169533	-0.000728	-0.001669	-0.985523	img__0_1588260438566493200.png
1588260437802	-1.674302	-5.136116	-0.636895	0.097966	-0.000725	-0.001663	-0.995188	img__0_1588260438664281600.png
1588260437904	-1.729233	-5.319238	-0.532131	0.022718	-0.000790	-0.001620	-0.999740	img__0_1588260438765862000.png
1588260438006	-1.784293	-5.502443	-0.421296	-0.027612	-0.000904	-0.001554	-0.999617	img__0_1588260438867146200.png
1588260438108	-1.839592	-5.685833	-0.348239	-0.064361	-0.001010	-0.001491	-0.997925	img__0_1588260438968850100.png
1588260438213	-1.896832	-5.874816	-0.327902	-0.093888	-0.001099	-0.001435	-0.995581	img__0_1588260439073146500.png
1588260438312	-1.951084	-6.053122	-0.346470	-0.113572	-0.001167	-0.001387	-0.993528	img__0_1588260439173961200.png
1588260438420	-2.010461	-6.247609	-0.354293	-0.127816	-0.001224	-0.001344	-0.991796	img__0_1588260439279855900.png
1588260438525	-2.068372	-6.436642	-0.344358	-0.136858	-0.001264	-0.001312	-0.990589	img__0_1588260439385411500.png
1588260438633	-2.128184	-6.631054	-0.334220	-0.142921	-0.001293	-0.001288	-0.989733	img__0_1588260439491556900.png
1588260438738	-2.186755	-6.820168	-0.385447	-0.146765	-0.001312	-0.001271	-0.989170	img__0_1588260439598511200.png
1588260438843	-2.245641	-7.009294	-0.463524	-0.149259	0.001450	0.017128	-0.988649	img__0_1588260439703876400.png
1588260438948	-2.303635	-7.194833	-0.526727	-0.150033	0.015757	0.111454	-0.982253	img__0_1588260439808120600.png
1588260439059	-2.358740	-7.370343	-0.571837	-0.149033	0.029359	0.200318	-0.967884	img__0_1588260439919812500.png
1588260439167	-2.401220	-7.504877	-0.589923	-0.148782	0.033634	0.227483	-0.961761	img__0_1588260440027509800.png
1588260439272	-2.428825	-7.591415	-0.593020	-0.151283	0.022389	0.153986	-0.976166	img__0_1588260440134460300.png
1588260439377	-2.442529	-7.632768	-0.628252	-0.152783	0.010492	0.076329	-0.985252	img__0_1588260440239335700.png
1588260439485	-2.451301	-7.657598	-0.657485	-0.153156	0.004429	0.036631	-0.987513	img__0_1588260440346522500.png
1588260439593	-2.458010	-7.675148	-0.668289	-0.153202	0.001466	0.017205	-0.988044	img__0_1588260440454606900.png
1588260439707	-2.464025	-7.689270	-0.689052	-0.153138	-0.000031	0.007389	-0.988177	img__0_1588260440566564000.png
1588260439809	-2.468951	-7.699148	-0.771933	-0.153040	-0.000680	0.003135	-0.988215	img__0_1588260440670648800.png
1588260439914	-2.474028	-7.708415	-0.871128	-0.152917	-0.001016	0.000935	-0.988238	img__0_1588260440774986900.png
1588260440022	-2.479726	-7.718377	-0.954966	-0.152622	-0.022747	-0.055565	-0.986459	img__0_1588260440883439700.png
1588260440127	-2.490447	-7.736625	-1.022058	-0.152471	-0.021222	-0.048034	-0.986912	img__0_1588260440987385600.png
1588260440232	-2.509618	-7.767848	-1.129017	-0.152296	-0.011035	-0.022663	-0.988014	img__0_1588260441092705200.png
1588260440340	-2.533736	-7.806412	-1.262833	-0.152009	-0.005848	-0.010441	-0.988307	img__0_1588260441201888000.png
1588260440448	-2.559370	-7.846947	-1.378293	-0.151742	-0.003326	-0.004427	-0.988405	img__0_1588260441307655700.png
1588260440556	-2.586321	-7.887742	-1.473911	-0.151651	-0.062986	0.044264	-0.985432	img__0_1588260441417151100.png
1588260440661	-2.622484	-7.918197	-1.546961	-0.150848	-0.127261	0.087912	-0.976382	img__0_1588260441523030500.png
1588260440769	-2.677869	-7.932181	-1.600088	-0.153245	-0.060646	0.041961	-0.985433	img__0_1588260441631574300.png
1588260440877	-2.744158	-7.935880	-1.633313	-0.154263	-0.030124	0.019543	-0.987377	img__0_1588260441738718800.png
1588260440985	-2.815870	-7.934669	-1.647827	-0.154813	-0.015216	0.008852	-0.987787	img__0_1588260441847680500.png
1588260441099	-2.894518	-7.930949	-1.643206	-0.155110	-0.007762	0.003473	-0.987861	img__0_1588260441958354400.png
1588260441204	-2.968370	-7.926555	-1.620923	-0.155228	-0.004501	0.001099	-0.987868	img__0_1588260442064709400.png
1588260441309	-3.043279	-7.922659	-1.582746	-0.150255	-0.013949	-0.078959	-0.985390	img__0_1588260442172064900.png
1588260441420	-3.127165	-7.933873	-1.528316	-0.114164	-0.003245	-0.123407	-0.985762	img__0_1588260442280054700.png
1588260441522	-3.208458	-7.966813	-1.468046	-0.056081	-0.008002	-0.060804	-0.996541	img__0_1588260442384403800.png
1588260441627	-3.294256	-8.012524	-1.390916	0.002685	-0.006839	-0.030560	-0.999506	img__0_1588260442488029000.png
1588260441726	-3.376295	-8.061108	-1.302947	0.040505	-0.004837	-0.016333	-0.999034	img__0_1588260442589386600.png
1588260441831	-3.464020	-8.115691	-1.194041	0.067440	-0.003206	-0.008770	-0.997680	img__0_1588260442692361400.png
1588260441933	-3.549714	-8.170534	-1.085027	0.084908	-0.002224	-0.005147	-0.996373	img__0_1588260442794821500.png
1588260442035	-3.636404	-8.226758	-1.017135	0.096683	-0.050314	0.015879	-0.993916	img__0_1588260442897700600.png
1588260442134	-3.732394	-8.278971	-0.975121	0.104850	-0.085620	0.026748	-0.990434	img__0_1588260442997358000.png
1588260442236	-3.847163	-8.329471	-0.922255	0.110750	-0.043359	0.012897	-0.992818	img__0_1588260443099389500.png
1588260442338	-3.970791	-8.378232	-0.864741	0.111953	-0.027189	0.026152	-0.992997	img__0_1588260443199391700.png
1588260442434	-4.095107	-8.417016	-0.823317	0.103534	-0.063064	0.128123	-0.984321	img__0_1588260443296558500.png
1588260442536	-4.239145	-8.439466	-0.772324	0.098437	-0.036254	0.076960	-0.991500	img__0_1588260443398500500.png
1588260442638	-4.390937	-8.448820	-0.704011	0.095057	-0.019011	0.037444	-0.994586	img__0_1588260443500050700.png
1588260442740	-4.546690	-8.451585	-0.619648	0.092635	-0.010145	0.018414	-0.995478	img__0_1588260443601020500.png
1588260442842	-4.704596	-8.450458	-0.521804	0.090275	-0.010545	0.062175	-0.993918	img__0_1588260443703098300.png
1588260442941	-4.861477	-8.434663	-0.436150	0.084030	-0.012642	0.100681	-0.991283	img__0_1588260443804525400.png
1588260443046	-5.031877	-8.398509	-0.339128	0.079065	-0.007102	0.048831	-0.995647	img__0_1588260443907808100.png
1588260443148	-5.199354	-8.354060	-0.234337	0.075736	-0.004197	0.023834	-0.996834	img__0_1588260444007740400.png
1588260443250	-5.203269	-8.350902	-0.253891	0.073768	-0.002906	0.011748	-0.997202	img__0_1588260444109160100.png
1588260443349	-5.259200	-8.332703	-0.252966	0.073280	-0.002247	0.005810	-0.997292	img__0_1588260444211517300.png
1588260443451	-5.394553	-8.288079	-0.239746	0.073238	-0.001625	0.002178	-0.997311	img__0_1588260444313561400.png
1588260443553	-5.395964	-8.287561	-0.233315	0.073388	-0.001484	0.000451	-0.997302	img__0_1588260444415654300.png
1588260443649	-5.394674	-8.288059	-0.229383	0.073988	-0.001497	-0.000324	-0.997258	img__0_1588260444512994400.png
1588260443751	-5.427787	-8.277343	-0.241214	0.074791	-0.001303	-0.000878	-0.997198	img__0_1588260444614642800.png
1588260443853	-5.525718	-8.245648	-0.276040	0.075446	-0.001173	-0.001197	-0.997149	img__0_1588260444713623900.png
1588260443952	-5.620908	-8.215113	-0.300880	0.075924	-0.001104	-0.001346	-0.997112	img__0_1588260444814019200.png
1588260444054	-5.719096	-8.183897	-0.310346	0.076309	-0.001068	-0.001427	-0.997083	img__0_1588260444916696600.png
1588260444156	-5.817402	-8.152965	-0.309398	0.077698	-0.001051	-0.001467	-0.996975	img__0_1588260445017066300.png
1588260444255	-5.912980	-8.123305	-0.327213	0.084749	-0.001046	-0.001485	-0.996401	img__0_1588260445117526900.png
1588260444354	-6.008665	-8.093923	-0.336563	0.090343	-0.001036	-0.001499	-0.995909	img__0_1588260445215316400.png
1588260444450	-6.101470	-8.066044	-0.330934	0.093981	0.004680	-0.062457	-0.993602	img__0_1588260445314154700.png
1588260444552	-6.198287	-8.046549	-0.308254	0.096496	0.008108	-0.099991	-0.990265	img__0_1588260445415049200.png
1588260444654	-6.198705	-8.051193	-0.302655	0.098481	0.002955	-0.046988	-0.994025	img__0_1588260445515290500.png
1588260444750	-6.288975	-8.049455	-0.259450	0.099102	0.000564	-0.020799	-0.994860	img__0_1588260445614199600.png
1588260444849	-6.309513	-8.051585	-0.241943	0.099355	-0.000785	-0.006511	-0.995030	img__0_1588260445711227200.png
1588260444951	-6.324884	-8.052963	-0.226837	0.098955	-0.001518	0.000959	-0.995090	img__0_1588260445812763900.png
1588260445047	-6.303714	-8.051021	-0.246129	0.098513	0.000000	0.000000	-0.995136	img__0_1588260445908566300.png
1588260445146	-6.303714	-8.051021	-0.246129	0.098513	0.000000	0.000000	-0.995136	img__0_1588260446007355100.png
1588260445245	-6.303714	-8.051021	-0.246129	0.098513	0.000000	0.000000	-0.995136	img__0_1588260446106670800.png
1588260445338	-6.303714	-8.051021	-0.246129	0.098513	0.000000	0.000000	-0.995136	img__0_1588260446202208500.png
1588260445434	-6.303714	-8.051021	-0.246129	0.098513	0.000000	0.000000	-0.995136	img__0_1588260446298038700.png
1588260445533	-6.303714	-8.051021	-0.246129	0.098513	0.000000	0.000000	-0.995136	img__0_1588260446396496400.png
1588260445632	-6.303714	-8.051021	-0.246129	0.098513	0.000000	0.000000	-0.995136	img__0_1588260446493203800.png
1588260445728	-6.303714	-8.051021	-0.246129	0.098513	0.000000	0.000000	-0.995136	img__0_1588260446590452200.png
1588260445824	-6.303714	-8.051021	-0.246129	0.098513	0.000000	0.000000	-0.995136	img__0_1588260446687958500.png
1588260445920	-6.303714	-8.051021	-0.246129	0.098513	0.000000	0.000000	-0.995136	img__0_1588260446784332200.png
1588260446016	-6.303714	-8.051021	-0.246129	0.098513	0.000000	0.000000	-0.995136	img__0_1588260446880097400.png
1588260446115	-6.303714	-8.051021	-0.246129	0.098513	0.000000	0.000000	-0.995136	img__0_1588260446975475200.png
