TimeStamp	POS_X	POS_Y	POS_Z	Q_W	Q_X	Q_Y	Q_Z	ImageFile
1588184185254	0.000000	0.000000	-0.146496	1.000000	0.000000	0.000000	-0.000326	img__0_1588184187869905400.png
1588184185440	0.000000	0.000000	-0.146496	1.000000	0.000000	0.000000	-0.000326	img__0_1588184188054870700.png
1588184185632	0.000000	0.000000	-0.146496	1.000000	0.000000	0.000000	-0.000326	img__0_1588184188244583500.png
1588184185893	0.000000	0.000000	-0.146496	1.000000	0.000000	0.000000	-0.000326	img__0_1588184188507738800.png
1588184186178	0.000000	0.000000	-0.146496	1.000000	0.000000	0.000000	-0.000326	img__0_1588184188793680100.png
1588184186382	0.000053	0.000069	-0.174035	0.999999	0.000812	-0.000656	-0.000611	img__0_1588184188997380600.png
1588184186631	0.001083	0.001360	-0.433210	0.999996	0.001311	-0.001052	-0.002275	img__0_1588184189247896500.png
1588184187096	0.006849	0.008526	-1.110719	0.999975	0.001419	-0.001144	-0.006845	img__0_1588184189712115600.png
1588184187294	0.010900	0.013537	-1.453833	0.999958	0.001420	-0.001149	-0.008966	img__0_1588184189910596400.png
1588184187477	0.015490	0.019193	-1.792646	0.999938	0.001419	-0.001153	-0.010954	img__0_1588184190093318900.png
1588184187666	0.021071	0.026046	-2.157509	0.999914	0.001417	-0.001156	-0.013019	img__0_1588184190281845200.png
1588184187942	0.030619	0.037723	-2.656219	0.999870	0.001414	-0.001160	-0.016047	img__0_1588184190558458100.png
1588184188164	0.039400	0.048406	-2.978156	0.999823	0.001376	-0.003076	-0.018488	img__0_1588184190783132900.png
1588184188365	0.049434	0.059020	-3.208500	0.999764	0.001309	-0.006507	-0.020701	img__0_1588184190979032100.png
1588184188698	0.075941	0.078361	-3.471097	0.999673	0.001268	-0.007610	-0.024363	img__0_1588184191315216200.png
1588184189115	0.129480	0.105474	-3.606799	0.999550	0.001231	-0.007737	-0.028947	img__0_1588184191730476500.png
1588184189310	0.162779	0.119240	-3.618072	0.999486	0.001215	-0.007745	-0.031090	img__0_1588184191927223700.png
1588184189499	0.200259	0.133236	-3.608234	0.999419	0.001199	-0.007749	-0.033168	img__0_1588184192115048000.png
1588184189814	0.274294	0.157955	-3.557730	0.999298	0.001172	-0.007754	-0.036630	img__0_1588184192431992900.png
1588184190120	0.360085	0.183552	-3.469487	0.999169	0.001146	-0.007758	-0.039992	img__0_1588184192738637100.png
1588184190327	0.426007	0.201718	-3.396749	0.999076	0.001128	-0.007761	-0.042267	img__0_1588184192945684800.png
1588184190543	0.502286	0.221443	-3.354999	0.998972	0.001110	-0.007763	-0.044640	img__0_1588184193161593300.png
1588184190843	0.621616	0.250141	-3.399731	0.998820	0.001084	-0.007767	-0.047935	img__0_1588184193462404100.png
1588184191191	0.780723	0.285313	-3.677851	0.998629	0.001054	-0.007771	-0.051757	img__0_1588184193808250800.png
1588184191401	0.887401	0.307444	-3.958440	0.998507	0.001036	-0.007773	-0.054063	img__0_1588184194018507000.png
1588184191686	1.042998	0.338332	-4.346522	0.998332	0.001012	-0.007777	-0.057193	img__0_1588184194305902800.png
1588184192010	1.233775	0.374464	-4.719550	0.998122	0.000984	-0.007780	-0.060749	img__0_1588184194630518800.png
1588184192202	1.353392	0.396318	-4.880980	0.997992	0.000968	-0.007782	-0.062857	img__0_1588184194823090900.png
1588184192454	1.517633	0.425450	-5.015413	0.997814	0.000946	-0.007785	-0.065622	img__0_1588184195079114900.png
1588184192712	1.694303	0.455761	-5.063042	0.997624	0.000924	-0.007788	-0.068421	img__0_1588184195336339900.png
1588184192985	1.890632	0.488318	-5.015760	0.997413	0.000901	-0.007790	-0.071449	img__0_1588184195611790600.png
1588184193213	2.061994	0.515849	-4.900254	0.997231	0.000881	-0.007792	-0.073950	img__0_1588184195840046400.png
1588184193402	2.209214	0.538884	-4.757116	0.997075	0.000865	-0.007794	-0.076022	img__0_1588184196026993900.png
1588184193615	2.381219	0.565066	-4.575240	0.996894	0.000847	-0.007796	-0.078358	img__0_1588184196241581900.png
1588184193882	2.606312	0.598187	-4.341016	0.996660	0.000824	-0.007799	-0.081285	img__0_1588184196509996000.png
1588184194212	2.900268	0.639527	-4.119170	0.996358	0.000795	-0.007802	-0.084902	img__0_1588184196840087700.png
1588184194437	3.111050	0.667920	-4.036523	0.996145	0.000776	-0.007804	-0.087367	img__0_1588184197063439000.png
1588184194645	3.312377	0.694149	-4.010029	0.995944	0.000758	-0.007805	-0.089635	img__0_1588184197271307800.png
1588184195119	3.799801	0.754424	-4.112779	0.995463	0.000718	-0.007809	-0.094826	img__0_1588184197746221100.png
1588184195317	4.013427	0.779625	-4.169871	0.995254	0.000701	-0.007811	-0.096993	img__0_1588184197943126500.png
1588184195533	4.252537	0.809127	-4.175878	0.992620	0.071259	-0.000743	-0.098121	img__0_1588184198156692500.png
1588184195824	4.577879	0.935904	-4.070731	0.993661	0.048792	0.007492	-0.101004	img__0_1588184198450237000.png
1588184196142	4.928106	1.166934	-3.805710	0.994399	0.006957	-0.000241	-0.105464	img__0_1588184198770249700.png
1588184196325	5.129803	1.308095	-3.579933	0.994185	0.002970	-0.000981	-0.107645	img__0_1588184198952284800.png
1588184196523	5.348577	1.462525	-3.279410	0.993940	0.001744	-0.001208	-0.109901	img__0_1588184199147269600.png
1588184196805	5.661292	1.683919	-2.759216	0.993589	0.001362	-0.001280	-0.113034	img__0_1588184199432789300.png
1588184197192	6.092743	1.989708	-1.896856	0.993097	0.001294	-0.001297	-0.117280	img__0_1588184199818102800.png
1588184197369	6.291052	2.130312	-1.474222	0.992867	0.001288	-0.001300	-0.119216	img__0_1588184199997095800.png
1588184197579	6.527204	2.297778	-0.974517	0.992589	0.001284	-0.001303	-0.121509	img__0_1588184200205976600.png
1588184197849	6.832231	2.514112	-0.338572	0.992223	0.001279	-0.001307	-0.124457	img__0_1588184200478492600.png
1588184198053	7.065830	2.686525	0.132687	0.981375	0.145921	-0.011692	-0.124393	img__0_1588184200682959500.png
1588184198242	6.914999	2.573233	-0.175883	0.992307	0.001629	-0.000720	-0.123785	img__0_1588184200872308000.png
1588184198434	6.915620	2.574753	-0.221021	0.992158	0.001451	-0.001156	-0.124977	img__0_1588184201061678100.png
1588184198755	6.919072	2.579620	-0.393757	0.991785	0.001294	-0.001294	-0.127903	img__0_1588184201385709800.png
1588184199061	6.925214	2.586502	-0.607512	0.991370	0.001273	-0.001313	-0.131080	img__0_1588184201690888600.png
1588184199274	6.930859	2.592313	-0.681187	0.991066	0.001268	-0.001318	-0.133363	img__0_1588184201906899500.png
1588184199544	6.939867	2.601036	-0.762974	0.990668	0.001264	-0.001322	-0.136285	img__0_1588184202173992700.png
1588184199766	6.950730	2.616624	-0.749650	0.984024	0.111625	-0.016629	-0.137695	img__0_1588184202396404100.png
1588184199997	6.983952	2.706431	-0.637197	0.988710	0.050091	-0.008001	-0.140997	img__0_1588184202628713600.png
1588184200204	7.027194	2.837488	-0.462534	0.980832	0.133104	0.020707	-0.140791	img__0_1588184202838112400.png
1588184200411	7.066700	3.079926	-0.291543	0.985398	0.089575	0.021692	-0.143166	img__0_1588184203041471800.png
1588184200825	7.088876	3.370558	-0.289249	0.988588	0.006987	0.000144	-0.150486	img__0_1588184203471603800.png
1588184201089	7.093845	3.458261	-0.412495	0.988058	0.002257	-0.001071	-0.154064	img__0_1588184203736608700.png
1588184201332	7.122391	3.867236	-0.540349	0.987567	0.001437	-0.001295	-0.157190	img__0_1588184203977823800.png
1588184201617	7.157325	4.347042	-0.558047	0.987036	0.001261	-0.001345	-0.160488	img__0_1588184204261691300.png
1588184201917	7.195940	4.852044	-0.459900	0.986490	0.001230	-0.001356	-0.163812	img__0_1588184204563566400.png
1588184202112	7.222271	5.180370	-0.402519	0.986134	0.001225	-0.001359	-0.165943	img__0_1588184204760649200.png
1588184202352	7.255749	5.584362	-0.252160	0.985691	0.001220	-0.001362	-0.168554	img__0_1588184205001157700.png
1588184202610	7.272621	5.778585	-0.119465	0.985103	0.001220	-0.001311	-0.171958	img__0_1588184205258037100.png
1588184202898	7.270379	5.746441	-0.103938	0.984177	0.001211	-0.001223	-0.177178	img__0_1588184205548373500.png
1588184203096	7.255949	5.586165	-0.247411	0.983675	0.000000	0.000000	-0.179953	img__0_1588184205743586200.png
1588184203294	7.255949	5.586165	-0.247411	0.983675	0.000000	0.000000	-0.179953	img__0_1588184205943599600.png
1588184203552	7.255949	5.586165	-0.247411	0.983675	0.000000	0.000000	-0.179953	img__0_1588184206198631100.png
1588184203846	7.255949	5.586165	-0.247411	0.983675	0.000000	0.000000	-0.179953	img__0_1588184206495163900.png
1588184204038	7.255949	5.586165	-0.247411	0.983675	0.000000	0.000000	-0.179953	img__0_1588184206688375800.png
1588184204218	7.255949	5.586165	-0.247411	0.983675	0.000000	0.000000	-0.179953	img__0_1588184206867546600.png
