TimeStamp	POS_X	POS_Y	POS_Z	Q_W	Q_X	Q_Y	Q_Z	ImageFile
1588260075986	-0.000000	0.000000	-0.146496	1.000000	0.000000	0.000000	0.000017	img__0_1588260076718853000.png
1588260076082	-0.000000	0.000000	-0.146496	1.000000	0.000000	0.000000	0.000017	img__0_1588260076816092200.png
1588260076181	-0.000000	0.000000	-0.146496	1.000000	0.000000	0.000000	0.000017	img__0_1588260076915481500.png
1588260076280	-0.000000	0.000000	-0.146496	1.000000	0.000000	0.000000	0.000017	img__0_1588260077013462800.png
1588260076379	-0.000000	0.000000	-0.146760	1.000000	0.000079	-0.000053	0.000018	img__0_1588260077111290300.png
1588260076478	0.000042	0.000055	-0.176016	1.000000	0.000772	-0.000617	0.000051	img__0_1588260077210331900.png
1588260076577	0.000271	0.000345	-0.268226	0.999999	0.001088	-0.000871	0.000124	img__0_1588260077308872400.png
1588260076679	0.000792	0.000999	-0.429295	0.999999	0.001255	-0.001006	0.000227	img__0_1588260077411041100.png
1588260076775	0.001558	0.001957	-0.626243	0.999999	0.001337	-0.001071	0.000341	img__0_1588260077509703200.png
1588260076874	0.002522	0.003164	-0.817176	0.999998	0.001381	-0.001106	0.000470	img__0_1588260077608850400.png
1588260076979	0.003729	0.004675	-0.998125	0.999979	0.001411	-0.001116	-0.006265	img__0_1588260077711360700.png
1588260077081	0.005090	0.006376	-1.153625	0.998874	0.001445	-0.001094	-0.047418	img__0_1588260077813334000.png
1588260077180	0.006594	0.008247	-1.286218	0.992413	0.001455	-0.001079	-0.122937	img__0_1588260077914521000.png
1588260077276	0.008241	0.010258	-1.398146	0.975597	0.001425	-0.001095	-0.219563	img__0_1588260078011134400.png
1588260077375	0.010155	0.012510	-1.496919	0.942814	0.001350	-0.001147	-0.333314	img__0_1588260078107897200.png
1588260077471	0.012242	0.014831	-1.576963	0.893318	0.001238	-0.001225	-0.449422	img__0_1588260078203318600.png
1588260077567	0.014576	0.017236	-1.641845	0.825270	0.001093	-0.001317	-0.564735	img__0_1588260078299240000.png
1588260077663	0.017167	0.019666	-1.691823	0.743292	0.000913	-0.001419	-0.668965	img__0_1588260078396265800.png
1588260077759	0.020009	0.022057	-1.727097	0.670422	0.000691	-0.001534	-0.741978	img__0_1588260078493742000.png
1588260077858	0.023184	0.024419	-1.748217	0.614491	0.000464	-0.001639	-0.788922	img__0_1588260078592866000.png
1588260077957	0.026582	0.026620	-1.753934	0.575061	0.000268	-0.001714	-0.818109	img__0_1588260078691608300.png
1588260078059	0.030179	0.028417	-1.743935	0.546741	-0.031090	-0.022598	-0.836419	img__0_1588260078793406400.png
1588260078158	0.029334	0.019537	-1.743250	0.521570	-0.128653	-0.085636	-0.839094	img__0_1588260078890953100.png
1588260078257	0.011503	-0.026509	-1.780042	0.501574	-0.182457	-0.118131	-0.837364	img__0_1588260078989931200.png
1588260078356	-0.033230	-0.127337	-1.853590	0.487828	-0.210781	-0.132518	-0.836680	img__0_1588260079091106000.png
1588260078455	-0.110923	-0.291325	-1.961755	0.478816	-0.226134	-0.138138	-0.836968	img__0_1588260079189580600.png
1588260078551	-0.217795	-0.507995	-2.087619	0.482640	-0.169748	-0.103107	-0.853002	img__0_1588260079283922000.png
1588260078647	-0.340672	-0.753336	-2.196903	0.487701	-0.089626	-0.055492	-0.866623	img__0_1588260079378366200.png
1588260078767	-0.504349	-1.078337	-2.306246	0.488738	-0.039980	-0.025751	-0.871134	img__0_1588260079499297000.png
1588260078866	-0.643421	-1.354095	-2.377077	0.488951	-0.020618	-0.014081	-0.871954	img__0_1588260079600833000.png
1588260078968	-0.788336	-1.641580	-2.433003	0.489337	-0.010499	-0.007965	-0.871995	img__0_1588260079701368700.png
1588260079076	-0.942432	-1.947695	-2.473944	0.490007	-0.005217	-0.004771	-0.871690	img__0_1588260079810543400.png
1588260079178	-1.088038	-2.237458	-2.495631	0.490839	-0.002768	-0.003291	-0.871240	img__0_1588260079912882600.png
1588260079280	-1.233448	-2.527389	-2.500958	0.491807	-0.001538	-0.002549	-0.870699	img__0_1588260080011654700.png
1588260079376	-1.370010	-2.800212	-2.491066	0.492804	-0.000945	-0.002193	-0.870137	img__0_1588260080109346700.png
1588260079472	-1.506229	-3.072883	-2.466753	0.493858	-0.000634	-0.002007	-0.869540	img__0_1588260080206628000.png
1588260079571	-1.646318	-3.353865	-2.426677	0.494985	-0.000467	-0.001909	-0.868899	img__0_1588260080304373100.png
1588260079670	-1.785999	-3.634603	-2.371520	0.496140	-0.000380	-0.001858	-0.868241	img__0_1588260080402028900.png
1588260079766	-1.921051	-3.906595	-2.303834	0.497278	-0.000335	-0.001833	-0.867589	img__0_1588260080500774300.png
1588260079862	-2.055682	-4.178317	-2.227122	0.498417	0.009115	0.003596	-0.866882	img__0_1588260080598049200.png
1588260079958	-2.186680	-4.444443	-2.176648	0.495936	0.107546	0.060253	-0.859564	img__0_1588260080693798100.png
1588260080063	-2.309659	-4.701398	-2.178825	0.490585	0.177898	0.100887	-0.847054	img__0_1588260080798166200.png
1588260080165	-2.397396	-4.896883	-2.226582	0.493006	0.168114	0.095312	-0.848291	img__0_1588260080898404300.png
1588260080258	-2.460319	-5.045903	-2.263067	0.501068	0.085465	0.047458	-0.859869	img__0_1588260080992910300.png
1588260080354	-2.517387	-5.186426	-2.284756	0.504003	0.042070	0.022404	-0.862386	img__0_1588260081089528500.png
1588260080453	-2.571976	-5.324389	-2.291523	0.505633	0.018670	0.008934	-0.862501	img__0_1588260081188109500.png
1588260080552	-2.624496	-5.459228	-2.282824	0.506911	0.006680	0.002055	-0.861970	img__0_1588260081286025600.png
1588260080651	-2.676069	-5.592897	-2.258785	0.507816	0.032687	0.017497	-0.860667	img__0_1588260081384243900.png
1588260080744	-2.721413	-5.713308	-2.222007	0.504075	0.125582	0.072405	-0.851408	img__0_1588260081479692600.png
1588260080840	-2.758290	-5.820007	-2.167650	0.506025	0.116237	0.066852	-0.852032	img__0_1588260081575561800.png
1588260080939	-2.785683	-5.911150	-2.094407	0.510549	0.059870	0.033502	-0.857107	img__0_1588260081672257500.png
1588260081038	-2.807148	-5.991980	-2.005990	0.512604	0.030569	0.016220	-0.857928	img__0_1588260081771342300.png
1588260081131	-2.824439	-6.063130	-1.909929	0.513933	0.016208	0.007781	-0.857642	img__0_1588260081866026300.png
1588260081227	-2.840699	-6.134137	-1.798005	0.515145	0.008362	0.003187	-0.857056	img__0_1588260081962368400.png
1588260081326	-2.856516	-6.206116	-1.669410	0.516353	0.004168	0.000740	-0.856366	img__0_1588260082060983600.png
1588260081422	-2.871277	-6.275381	-1.539131	0.517399	0.002064	-0.000483	-0.855741	img__0_1588260082156902800.png
1588260081518	-2.885491	-6.344434	-1.449839	0.515699	0.000961	-0.001118	-0.856769	img__0_1588260082253039900.png
1588260081611	-2.898856	-6.411408	-1.413996	0.510935	0.000402	-0.001439	-0.859618	img__0_1588260082347399200.png
1588260081710	-2.912804	-6.482907	-1.402168	0.506162	0.000087	-0.001619	-0.862437	img__0_1588260082444913200.png
1588260081803	-2.925757	-6.550247	-1.379387	0.503107	-0.000073	-0.001708	-0.864222	img__0_1588260082539224600.png
1588260081905	-2.939817	-6.624329	-1.341622	0.500860	-0.000168	-0.001758	-0.865527	img__0_1588260082639971700.png
1588260082004	-2.953270	-6.696599	-1.330947	0.499432	-0.000218	-0.001783	-0.866351	img__0_1588260082737854100.png
1588260082100	-2.966165	-6.766971	-1.326205	0.498530	-0.000245	-0.001795	-0.866871	img__0_1588260082834132000.png
1588260082196	-2.978945	-6.837573	-1.307597	0.497951	-0.000260	-0.001801	-0.867203	img__0_1588260082929934700.png
1588260082295	-2.992006	-6.910621	-1.273362	0.497456	-0.000269	-0.001804	-0.867487	img__0_1588260083030731500.png
1588260082391	-3.004556	-6.981691	-1.225701	0.486857	-0.000257	-0.001808	-0.873480	img__0_1588260083125036900.png
1588260082484	-3.016609	-7.050761	-1.166116	0.447736	-0.000224	-0.001811	-0.894164	img__0_1588260083220769000.png
1588260082580	-3.028950	-7.122294	-1.090984	0.384248	-0.000224	-0.001803	-0.923228	img__0_1588260083316247800.png
1588260082676	-3.041208	-7.194071	-1.002282	0.333615	-0.000303	-0.001783	-0.942708	img__0_1588260083412484900.png
1588260082772	-3.053413	-7.266096	-0.900328	0.292181	-0.000397	-0.001762	-0.956361	img__0_1588260083508430200.png
1588260082871	-3.065973	-7.340641	-0.783412	0.221778	-0.000452	-0.001743	-0.975096	img__0_1588260083605949900.png
1588260082967	-3.078161	-7.413188	-0.658051	0.134485	-0.000523	-0.001710	-0.990914	img__0_1588260083701609500.png
1588260083063	-3.090396	-7.485982	-0.521617	0.067593	-0.000655	-0.001655	-0.997711	img__0_1588260083798494300.png
1588260083162	-3.103137	-7.561386	-0.396724	0.018658	-0.000799	-0.001593	-0.999824	img__0_1588260083897454500.png
1588260083261	-3.116080	-7.637179	-0.309128	-0.016845	-0.000922	-0.001536	-0.999857	img__0_1588260083997356700.png
1588260083369	-3.130493	-7.720294	-0.261031	-0.043884	-0.001027	-0.001481	-0.999035	img__0_1588260084103479700.png
1588260083471	-3.144351	-7.799080	-0.226223	-0.060813	-0.001102	-0.001438	-0.998148	img__0_1588260084206669000.png
1588260083573	-3.158410	-7.878059	-0.176717	-0.072093	-0.001155	-0.001403	-0.997396	img__0_1588260084309837300.png
1588260083678	-3.173100	-7.959552	-0.109166	-0.079770	-0.001194	-0.001377	-0.996812	img__0_1588260084412797800.png
1588260083777	-3.161889	-7.897449	-0.162483	0.082510	0.000113	0.000141	0.996590	img__0_1588260084513477500.png
1588260083879	-3.161949	-7.897504	-0.190396	0.082472	0.000708	0.000743	0.996593	img__0_1588260084614413700.png
1588260083978	-3.162231	-7.897760	-0.275288	0.082400	0.000555	-0.004035	0.996591	img__0_1588260084715000700.png
1588260084080	-3.162422	-7.896296	-0.369396	0.082019	-0.006697	-0.093314	0.992230	img__0_1588260084816109500.png
1588260084185	-3.160154	-7.878905	-0.447384	0.080845	-0.014594	-0.189560	0.978426	img__0_1588260084920207800.png
1588260084290	-3.151516	-7.821790	-0.521807	0.081258	-0.011026	-0.146691	0.985777	img__0_1588260085025750400.png
1588260084392	-3.137489	-7.730887	-0.600677	0.081700	-0.005018	-0.074158	0.993882	img__0_1588260085129313800.png
1588260084497	-3.120861	-7.622889	-0.665657	0.081676	-0.001882	-0.036349	0.995994	img__0_1588260085232901500.png
1588260084602	-3.103306	-7.508065	-0.712489	0.081539	0.000466	-0.007951	0.996638	img__0_1588260085337596800.png
1588260084707	-3.085838	-7.392457	-0.747372	0.080656	0.007908	0.082932	0.993255	img__0_1588260085441989300.png
1588260084809	-3.073005	-7.303525	-0.815421	0.075749	0.016158	0.182296	0.980188	img__0_1588260085544732300.png
1588260084914	-3.069238	-7.268638	-0.932709	0.066621	0.020461	0.232196	0.970169	img__0_1588260085649435700.png
1588260085019	-3.075905	-7.299669	-1.077651	0.055016	0.017183	0.174462	0.982976	img__0_1588260085754296300.png
1588260085124	-3.087835	-7.364589	-1.202996	0.046867	0.009745	0.078860	0.995736	img__0_1588260085860309500.png
1588260085229	-3.102285	-7.444393	-1.307505	0.040980	0.005391	0.032011	0.998632	img__0_1588260085964551600.png
1588260085334	-3.118005	-7.530348	-1.393100	0.036936	0.003033	0.008562	0.999276	img__0_1588260086067413500.png
1588260085436	-3.133886	-7.615521	-1.458866	0.034245	0.001848	-0.002869	0.999408	img__0_1588260086171553400.png
1588260085538	-3.150079	-7.700260	-1.507866	0.032382	0.001250	-0.008655	0.999437	img__0_1588260086274567200.png
1588260085640	-3.166443	-7.783522	-1.540318	0.031078	0.000957	-0.011585	0.999449	img__0_1588260086376426300.png
1588260085745	-3.183394	-7.867135	-1.556576	0.030127	0.000816	-0.013100	0.999460	img__0_1588260086480440900.png
1588260085841	-3.199504	-7.941261	-1.556533	0.028940	0.058778	-0.037181	0.997159	img__0_1588260086578238800.png
1588260085943	-3.231419	-8.010102	-1.561643	0.027614	0.160597	-0.086769	0.982811	img__0_1588260086680382800.png
1588260086057	-3.312908	-8.060549	-1.596674	0.027504	0.112852	-0.056777	0.991607	img__0_1588260086792458400.png
1588260086159	-3.410067	-8.092579	-1.615606	0.030143	0.057268	-0.055562	0.996356	img__0_1588260086895406500.png
1588260086261	-3.518035	-8.111732	-1.628484	0.035273	0.026946	-0.102815	0.993710	img__0_1588260086996908400.png
1588260086363	-3.632276	-8.108730	-1.657842	0.035342	0.014253	-0.048734	0.998085	img__0_1588260087100135200.png
1588260086468	-3.752304	-8.095726	-1.674472	0.035451	0.007624	-0.023364	0.999069	img__0_1588260087201960000.png
1588260086570	-3.870057	-8.078678	-1.673917	0.035475	0.004416	-0.011211	0.999298	img__0_1588260087307360500.png
1588260086675	-3.991924	-8.058975	-1.656279	0.035439	0.002775	-0.004873	0.999356	img__0_1588260087411024700.png
1588260086783	-4.117678	-8.037709	-1.620184	0.035359	0.001954	-0.001660	0.999371	img__0_1588260087516533100.png
1588260086882	-4.233192	-8.017888	-1.571253	0.035258	0.001582	-0.000188	0.999377	img__0_1588260087617296600.png
1588260086987	-4.355891	-7.996813	-1.503019	0.035130	0.001461	0.002816	0.999378	img__0_1588260087722054900.png
1588260087089	-4.475322	-7.977633	-1.420865	0.034751	0.004316	0.087425	0.995555	img__0_1588260087826194300.png
1588260087191	-4.596174	-7.976601	-1.333374	0.034005	0.007691	0.185840	0.981961	img__0_1588260087928060100.png
1588260087299	-4.728371	-8.032346	-1.280619	0.034033	0.006759	0.159628	0.986567	img__0_1588260088036022700.png
1588260087407	-4.863348	-8.125720	-1.222970	0.034323	0.003760	0.073740	0.996680	img__0_1588260088144397400.png
1588260087512	-4.995700	-8.231008	-1.148434	0.034284	0.002353	0.033788	0.998838	img__0_1588260088249081000.png
1588260087617	-5.128618	-8.342817	-1.057077	0.034162	0.001650	0.013925	0.999318	img__0_1588260088354255100.png
1588260087719	-5.258023	-8.454012	-0.952882	0.034018	0.001304	0.004222	0.999411	img__0_1588260088455921800.png
1588260087821	-5.387409	-8.565333	-0.833986	0.034053	-0.020668	-0.060236	0.997389	img__0_1588260088557832900.png
1588260087923	-5.512033	-8.665490	-0.700329	0.033535	-0.068994	-0.152317	0.985350	img__0_1588260088659769000.png
1588260088022	-5.621767	-8.739649	-0.555016	0.032471	-0.042186	-0.096093	0.993948	img__0_1588260088759625600.png
1588260088124	-5.726394	-8.798794	-0.391094	0.031486	-0.020934	-0.047264	0.998167	img__0_1588260088861996400.png
1588260088229	-5.829590	-8.850369	-0.209152	0.030557	-0.009742	-0.022957	0.999222	img__0_1588260088965131000.png
1588260088334	-5.791334	-8.831779	-0.278602	0.030223	0.000000	0.000000	0.999543	img__0_1588260089069714000.png
1588260088433	-5.791334	-8.831779	-0.278602	0.030223	0.000000	0.000000	0.999543	img__0_1588260089169158300.png
1588260088535	-5.791334	-8.831779	-0.278602	0.030223	0.000000	0.000000	0.999543	img__0_1588260089271426400.png
1588260088637	-5.791334	-8.831779	-0.278602	0.030223	0.000000	0.000000	0.999543	img__0_1588260089372853100.png
1588260088736	-5.791334	-8.831779	-0.279221	0.030222	0.000142	0.000196	0.999543	img__0_1588260089473837500.png
1588260088838	-5.791393	-8.831847	-0.308741	0.030182	0.000680	0.000791	0.999544	img__0_1588260089574748600.png
1588260088943	-5.791674	-8.832160	-0.397820	0.030100	0.000936	0.001098	0.999546	img__0_1588260089679310700.png
1588260089063	-5.792234	-8.832784	-0.494651	0.029973	0.001074	0.001260	0.999549	img__0_1588260089800116000.png
1588260089186	-5.793068	-8.833518	-0.569448	0.029835	0.000552	-0.018212	0.999389	img__0_1588260089928267800.png
1588260089297	-5.793720	-8.828619	-0.615814	0.029592	-0.002368	-0.116798	0.992712	img__0_1588260090037448300.png
1588260089405	-5.793279	-8.802240	-0.639439	0.029312	-0.003572	-0.157361	0.987100	img__0_1588260090146762900.png
1588260089513	-5.791327	-8.746924	-0.640141	0.029320	-0.001613	-0.091695	0.995354	img__0_1588260090251615700.png
1588260089615	-5.788682	-8.677846	-0.622239	0.029207	-0.000211	-0.044734	0.998572	img__0_1588260090356287000.png
1588260089717	-5.785749	-8.600654	-0.587853	0.029046	0.000472	-0.022001	0.999336	img__0_1588260090459354800.png
1588260089819	-5.782782	-8.518921	-0.554029	0.028881	0.000820	-0.010486	0.999528	img__0_1588260090559831800.png
1588260089921	-5.779955	-8.434021	-0.562916	0.028717	0.000998	-0.004625	0.999576	img__0_1588260090661920600.png
1588260090020	-5.777378	-8.350596	-0.572719	0.028559	0.001087	-0.001717	0.999590	img__0_1588260090761575300.png
1588260090122	-5.774899	-8.264374	-0.566796	0.028398	0.001134	-0.000182	0.999596	img__0_1588260090861895700.png
1588260090224	-5.772614	-8.178149	-0.544582	0.028238	0.001158	0.000595	0.999600	img__0_1588260090963706700.png
1588260090329	-5.770477	-8.089537	-0.504801	0.028073	0.001170	0.000998	0.999605	img__0_1588260091064996800.png
1588260090422	-5.768768	-8.011238	-0.455380	0.027927	0.001176	0.001181	0.999609	img__0_1588260091164029100.png
1588260090524	-5.767097	-7.925600	-0.386066	0.027766	0.001179	0.001287	0.999613	img__0_1588260091264743800.png
1588260090623	-5.765710	-7.843336	-0.303927	0.027444	0.003260	0.076611	0.996678	img__0_1588260091365599500.png
1588260090731	-5.765143	-7.766857	-0.197030	0.027256	0.003419	0.081980	0.996255	img__0_1588260091471821200.png
1588260090833	-5.765491	-7.826799	-0.284613	0.027417	0.000000	0.000000	0.999624	img__0_1588260091574143700.png
1588260090935	-5.765491	-7.826799	-0.284613	0.027417	0.000000	0.000000	0.999624	img__0_1588260091675623000.png
1588260091034	-5.765491	-7.826799	-0.284613	0.027417	0.000000	0.000000	0.999624	img__0_1588260091775678300.png
1588260091136	-5.765491	-7.826799	-0.284613	0.027417	0.000000	0.000000	0.999624	img__0_1588260091876024000.png
1588260091235	-5.765491	-7.826799	-0.284613	0.027417	0.000000	0.000000	0.999624	img__0_1588260091976326500.png
1588260091340	-5.765491	-7.826799	-0.284613	0.027417	0.000000	0.000000	0.999624	img__0_1588260092081642100.png
1588260091448	-5.765491	-7.826799	-0.284613	0.027417	0.000000	0.000000	0.999624	img__0_1588260092189988000.png
1588260091550	-5.765491	-7.826799	-0.284613	0.027417	0.000000	0.000000	0.999624	img__0_1588260092290273500.png
1588260091649	-5.765491	-7.826799	-0.284613	0.027417	0.000000	0.000000	0.999624	img__0_1588260092391282700.png
1588260091751	-5.765491	-7.826799	-0.284613	0.027417	0.000000	0.000000	0.999624	img__0_1588260092494138600.png
1588260091853	-5.765491	-7.826799	-0.284613	0.027417	0.000000	0.000000	0.999624	img__0_1588260092593444800.png
1588260091955	-5.765491	-7.826799	-0.284613	0.027417	0.000000	0.000000	0.999624	img__0_1588260092696575300.png
1588260092051	-5.765491	-7.826799	-0.284613	0.027417	0.000000	0.000000	0.999624	img__0_1588260092793123400.png
1588260092153	-5.765491	-7.826799	-0.284613	0.027417	0.000000	0.000000	0.999624	img__0_1588260092893618400.png
1588260092249	-5.765491	-7.826799	-0.284613	0.027417	0.000000	0.000000	0.999624	img__0_1588260092992344100.png
