TimeStamp	POS_X	POS_Y	POS_Z	Q_W	Q_X	Q_Y	Q_Z	ImageFile
1588184206237	0.000000	0.000000	-0.146496	1.000000	0.000000	0.000000	-0.000456	img__0_1588184208886685600.png
1588184206456	0.000000	0.000000	-0.146496	1.000000	0.000000	0.000000	-0.000456	img__0_1588184209106104800.png
1588184206627	0.000000	0.000000	-0.146496	1.000000	0.000000	0.000000	-0.000456	img__0_1588184209276158100.png
1588184206933	0.000000	0.000000	-0.146496	1.000000	0.000000	0.000000	-0.000456	img__0_1588184209583946300.png
1588184207317	0.000000	0.000000	-0.146496	1.000000	0.000000	0.000000	-0.000456	img__0_1588184209969691100.png
1588184207503	0.000032	0.000042	-0.147250	0.999999	0.000791	-0.000638	-0.000717	img__0_1588184210157887800.png
1588184207695	0.000476	0.000599	-0.151808	0.999997	0.001251	-0.001004	-0.001896	img__0_1588184210349363500.png
1588184207893	0.001687	0.002109	-0.160832	0.999992	0.001379	-0.001108	-0.003626	img__0_1588184210544456200.png
1588184208163	0.004732	0.005888	-0.180213	0.999978	0.001416	-0.001141	-0.006346	img__0_1588184210818820900.png
1588184208439	0.009561	0.011853	-0.208443	0.999955	0.001420	-0.001150	-0.009294	img__0_1588184211094181600.png
1588184208631	0.013956	0.017259	-0.233040	0.999934	0.001419	-0.001154	-0.011381	img__0_1588184211285898900.png
1588184208826	0.019294	0.023801	-0.262150	0.999907	0.001416	-0.001157	-0.013514	img__0_1588184211480932900.png
1588184209234	0.033337	0.040902	-0.336368	0.999836	0.001411	-0.001163	-0.017992	img__0_1588184211888097500.png
1588184209543	0.046586	0.056916	-0.407101	0.999770	0.001407	-0.001168	-0.021388	img__0_1588184212197826500.png
1588184209864	0.062788	0.076365	-0.506901	0.999688	0.001403	-0.001173	-0.024916	img__0_1588184212518652800.png
1588184210077	0.074944	0.090872	-0.597699	0.999627	0.001400	-0.001176	-0.027257	img__0_1588184212729211500.png
1588184210308	0.089427	0.108069	-0.728857	0.999554	0.001397	-0.001180	-0.029796	img__0_1588184212962379800.png
1588184210584	0.108518	0.130609	-0.930908	0.999459	0.001394	-0.001184	-0.032830	img__0_1588184213240803300.png
1588184210887	0.131661	0.157761	-1.181381	0.999344	0.001390	-0.001188	-0.036159	img__0_1588184213542339200.png
1588184211196	0.157425	0.187801	-1.383075	0.999216	0.001386	-0.001193	-0.039555	img__0_1588184213852805100.png
1588184211373	0.173163	0.206059	-1.470034	0.999137	0.001384	-0.001196	-0.041499	img__0_1588184214028473900.png
1588184211553	0.189904	0.225407	-1.537692	0.999053	0.001381	-0.001199	-0.043477	img__0_1588184214208767000.png
1588184211844	0.218549	0.258348	-1.603108	0.998909	0.001377	-0.001203	-0.046673	img__0_1588184214499790300.png
1588184212186	0.254697	0.299638	-1.599355	0.998726	0.001373	-0.001208	-0.050430	img__0_1588184214844871100.png
1588184212381	0.276494	0.324394	-1.549167	0.998616	0.001370	-0.001211	-0.052571	img__0_1588184215038371400.png
1588184212567	0.298120	0.348857	-1.480830	0.998506	0.001368	-0.001214	-0.054613	img__0_1588184215224708900.png
1588184212759	0.321332	0.375003	-1.400318	0.998388	0.001365	-0.001217	-0.056721	img__0_1588184215416749500.png
1588184213185	0.376261	0.436426	-1.260015	0.998112	0.001359	-0.001223	-0.061397	img__0_1588184215844187400.png
1588184213398	0.405680	0.469059	-1.275514	0.997965	0.001357	-0.001226	-0.063735	img__0_1588184216053336000.png
1588184213584	0.432463	0.498619	-1.344394	0.997833	0.001354	-0.001229	-0.065775	img__0_1588184216241422700.png
1588184213818	0.467610	0.537203	-1.503039	0.997660	0.001351	-0.001233	-0.068343	img__0_1588184216474922000.png
1588184214175	0.524295	0.598981	-1.873509	0.997384	0.001346	-0.001238	-0.072259	img__0_1588184216833991700.png
1588184214367	0.556111	0.633456	-2.059057	0.997230	0.001343	-0.001241	-0.074364	img__0_1588184217024316900.png
1588184214571	0.590864	0.670966	-2.217057	0.997060	0.001341	-0.001244	-0.076601	img__0_1588184217229853600.png
1588184214832	0.636761	0.720274	-2.361916	0.996836	0.001337	-0.001248	-0.079462	img__0_1588184217492132400.png
1588184215081	0.682061	0.768690	-2.442212	0.996615	0.001334	-0.001251	-0.082191	img__0_1588184217741377900.png
1588184215273	0.718006	0.806935	-2.466332	0.996439	0.001331	-0.001254	-0.084295	img__0_1588184217931306100.png
1588184215468	0.755423	0.846587	-2.457733	0.996256	0.001328	-0.001257	-0.086431	img__0_1588184218129023500.png
1588184215768	0.814867	0.909246	-2.409678	0.995966	0.001324	-0.001261	-0.089717	img__0_1588184218426897200.png
1588184216089	0.881120	0.978537	-2.332371	0.995640	0.001204	-0.002510	-0.093234	img__0_1588184218747417600.png
1588184216311	0.929792	1.027590	-2.270415	0.995392	0.000820	-0.006525	-0.095668	img__0_1588184218970347000.png
1588184216509	0.978320	1.071549	-2.224163	0.995154	0.000499	-0.009774	-0.097837	img__0_1588184219169375700.png
1588184216779	1.057161	1.130842	-2.184914	0.994836	0.000263	-0.011937	-0.100793	img__0_1588184219440467300.png
1588184217076	1.164166	1.194440	-2.178533	0.994497	0.000190	-0.012305	-0.104042	img__0_1588184219737093000.png
1588184217298	1.258536	1.240682	-2.199013	0.994239	0.000156	-0.012349	-0.106470	img__0_1588184219956248200.png
1588184217505	1.357686	1.282728	-2.238314	0.993994	0.000128	-0.012359	-0.108733	img__0_1588184220167019100.png
1588184217703	1.464351	1.322507	-2.298947	0.993751	0.000100	-0.012362	-0.110897	img__0_1588184220365437600.png
1588184217979	1.625104	1.374856	-2.396891	0.993414	0.000063	-0.012363	-0.113913	img__0_1588184220638559500.png
1588184218240	1.795701	1.438629	-2.451034	0.983855	0.137464	-0.007593	-0.114350	img__0_1588184220902577200.png
1588184218438	1.942011	1.574057	-2.452127	0.990303	0.074003	-0.003712	-0.117515	img__0_1588184221101542500.png
1588184218645	2.105254	1.777492	-2.422133	0.992524	0.019505	-0.001855	-0.120469	img__0_1588184221304936500.png
1588184218960	2.359772	2.115906	-2.330428	0.992256	0.003514	-0.001369	-0.124149	img__0_1588184221621713300.png
1588184219173	2.533730	2.349153	-2.238077	0.991961	0.001817	-0.001324	-0.126522	img__0_1588184221833394700.png
1588184219398	2.718689	2.596602	-2.114709	0.991643	0.001394	-0.001316	-0.128998	img__0_1588184222059293600.png
1588184219662	2.937196	2.887732	-1.937284	0.991263	0.001290	-0.001317	-0.131886	img__0_1588184222323793100.png
1588184220055	3.265420	3.322388	-1.611217	0.990684	0.001265	-0.001322	-0.136172	img__0_1588184222717499600.png
1588184220406	3.561560	3.711794	-1.261816	0.990150	0.001259	-0.001327	-0.139996	img__0_1588184223069163800.png
1588184220619	3.742653	3.948635	-1.025137	0.989820	0.001256	-0.001330	-0.142315	img__0_1588184223283393100.png
1588184220802	3.899078	4.152434	-0.807959	0.989531	0.001253	-0.001332	-0.144306	img__0_1588184223463560500.png
1588184220976	4.048532	4.346477	-0.590287	0.989253	0.001250	-0.001335	-0.146199	img__0_1588184223638538800.png
1588184221183	4.227252	4.577652	-0.318001	0.988918	0.001247	-0.001337	-0.148451	img__0_1588184223845459500.png
1588184221465	4.472339	4.893156	0.074522	0.988453	0.001243	-0.001341	-0.151517	img__0_1588184224128126100.png
1588184221747	4.323254	4.701426	-0.166493	0.988354	0.000000	0.000000	-0.152171	img__0_1588184224412792100.png
1588184221963	4.323254	4.701426	-0.166493	0.988354	0.000000	0.000000	-0.152171	img__0_1588184224624214100.png
1588184222152	4.323254	4.701426	-0.166493	0.988354	0.000000	0.000000	-0.152171	img__0_1588184224816337600.png
1588184222341	4.323254	4.701426	-0.166493	0.988354	0.000000	0.000000	-0.152171	img__0_1588184225006338300.png
1588184222623	4.323254	4.701426	-0.166493	0.988354	0.000000	0.000000	-0.152171	img__0_1588184225286634600.png
1588184222821	4.323254	4.701426	-0.166493	0.988354	0.000000	0.000000	-0.152171	img__0_1588184225486686600.png
1588184223022	4.323254	4.701426	-0.166493	0.988354	0.000000	0.000000	-0.152171	img__0_1588184225685989400.png
1588184223220	4.323254	4.701426	-0.166493	0.988354	0.000000	0.000000	-0.152171	img__0_1588184225885694100.png
1588184223481	4.323254	4.701426	-0.166493	0.988354	0.000000	0.000000	-0.152171	img__0_1588184226145968300.png
1588184223811	4.323658	4.701700	-0.199634	0.988197	0.001013	-0.001105	-0.153179	img__0_1588184226477931900.png
1588184224006	4.329832	4.701117	-0.276652	0.985727	-0.008944	-0.066300	-0.154486	img__0_1588184226669574300.png
1588184224246	4.397212	4.681795	-0.432083	0.985444	-0.055002	-0.025031	-0.158900	img__0_1588184226910844100.png
1588184224519	4.494325	4.556920	-0.633938	0.958810	-0.229665	0.029817	-0.164466	img__0_1588184227185658800.png
1588184224708	4.516678	4.310619	-0.737409	0.977811	-0.120806	0.016855	-0.170316	img__0_1588184227375200300.png
1588184224915	4.510280	3.945020	-0.823317	0.984376	-0.029588	0.003150	-0.173546	img__0_1588184227580324400.png
1588184225293	4.483038	3.223110	-0.950740	0.984096	-0.001276	-0.001020	-0.177629	img__0_1588184227961225700.png
1588184225560	4.466230	2.708480	-1.003261	0.980725	-0.012656	-0.074873	-0.180033	img__0_1588184228226442300.png
1588184225752	4.499253	2.323055	-1.001778	0.962173	-0.035908	-0.202295	-0.178915	img__0_1588184228420292800.png
1588184225950	4.647233	1.883761	-0.928573	0.974077	-0.022627	-0.130615	-0.183309	img__0_1588184228614006500.png
1588184226127	4.859729	1.461845	-0.827485	0.981568	-0.006032	-0.041068	-0.186552	img__0_1588184228793960800.png
1588184226502	5.382178	0.546089	-0.751324	0.981639	0.000633	-0.004540	-0.190695	img__0_1588184229170956300.png
1588184226823	5.863266	-0.193955	-0.927462	0.977450	0.083502	-0.017746	-0.193141	img__0_1588184229491846700.png
1588184227132	6.397068	-0.734763	-1.265695	0.964509	0.175508	-0.036174	-0.193937	img__0_1588184229798193800.png
1588184227393	6.941276	-0.966497	-1.601919	0.968989	0.144870	-0.030064	-0.197914	img__0_1588184230059411400.png
1588184227612	7.466759	-0.995898	-1.885447	0.978300	0.043149	-0.009697	-0.202420	img__0_1588184230278888700.png
1588184227813	7.971021	-0.986692	-2.077959	0.978606	0.019249	-0.005030	-0.204780	img__0_1588184230483062100.png
1588184228008	8.451836	-0.961146	-2.193156	0.965975	0.158460	-0.019028	-0.203523	img__0_1588184230677965900.png
1588184228362	9.357983	-0.669877	-2.178836	0.961156	0.105315	0.213872	-0.139090	img__0_1588184231031541300.png
1588184228704	9.924951	-0.111153	-1.856676	0.953756	0.042583	0.273071	-0.118191	img__0_1588184231373184600.png
1588184229109	9.960095	0.712087	-1.066995	0.985633	0.000336	0.126300	-0.112144	img__0_1588184231777400700.png
1588184229268	9.831036	1.052453	-0.666723	0.992745	0.000460	0.038080	-0.114049	img__0_1588184231936781400.png
1588184229463	9.648463	1.472044	-0.143210	0.993266	0.000468	0.004470	-0.115768	img__0_1588184232133452600.png
1588184230108	9.655051	1.457017	-0.161605	0.993124	0.000000	0.000000	-0.117063	img__0_1588184232779650000.png
1588184230372	9.655051	1.457017	-0.161605	0.993124	0.000000	0.000000	-0.117063	img__0_1588184233042881400.png
1588184230702	9.655107	1.457015	-0.164904	0.993107	0.000194	-0.003041	-0.117168	img__0_1588184233372753200.png
1588184230894	9.657468	1.456897	-0.207702	0.992973	0.000428	-0.006535	-0.118158	img__0_1588184233564313800.png
1588184231083	9.664783	1.456519	-0.294722	0.992809	0.001448	0.000523	-0.119699	img__0_1588184233755557400.png
1588184231389	9.626979	1.468987	-0.463686	0.967901	0.014002	0.221659	-0.117639	img__0_1588184234060536600.png
1588184231758	9.186583	1.561280	-0.587196	0.991582	0.003359	0.036801	-0.124098	img__0_1588184234426066700.png
1588184232025	8.770491	1.664654	-0.584836	0.975740	0.176919	-0.017526	-0.127763	img__0_1588184234696718400.png
1588184232217	8.490895	1.833961	-0.500114	0.985508	0.106093	-0.012949	-0.131725	img__0_1588184234888178800.png
1588184232403	8.237608	2.063645	-0.348942	0.990400	0.031958	-0.004664	-0.134407	img__0_1588184235075648200.png
1588184232586	7.994980	2.308891	-0.144269	0.989661	0.002019	-0.042496	-0.136969	img__0_1588184235257204300.png
1588184232778	8.032965	2.270055	-0.178376	0.990237	0.000000	0.000000	-0.139394	img__0_1588184235450945600.png
1588184233045	8.032965	2.270055	-0.178376	0.990237	0.000000	0.000000	-0.139394	img__0_1588184235717626000.png
1588184233333	8.032965	2.270055	-0.178376	0.990237	0.000000	0.000000	-0.139394	img__0_1588184236006939900.png
1588184233540	8.032965	2.270055	-0.178376	0.990237	0.000000	0.000000	-0.139394	img__0_1588184236209977300.png
1588184233732	8.032965	2.270055	-0.178376	0.990237	0.000000	0.000000	-0.139394	img__0_1588184236403980600.png
1588184233975	8.032638	2.274724	-0.234729	0.990094	0.011706	0.002267	-0.139897	img__0_1588184236647907200.png
1588184234233	8.031394	2.298133	-0.497447	0.989883	0.003073	-0.000714	-0.141853	img__0_1588184236905754500.png
1588184234431	8.031149	2.319059	-0.631495	0.989613	0.001739	-0.001171	-0.143741	img__0_1588184237102454900.png
1588184234626	8.031763	2.340678	-0.695375	0.989321	0.001383	-0.001291	-0.145741	img__0_1588184237298984800.png
1588184234806	8.033135	2.361304	-0.695358	0.988870	0.018320	-0.003865	-0.147600	img__0_1588184237480967000.png
1588184235421	8.073618	3.025737	-0.532390	0.947314	0.282542	0.047019	-0.143373	img__0_1588184238094375000.png
1588184235784	8.097116	4.259013	-0.279215	0.986439	0.047043	0.006753	-0.157099	img__0_1588184238458252000.png
1588184236072	8.096687	4.279108	-0.230985	0.987056	0.006177	0.000191	-0.160258	img__0_1588184238746640200.png
1588184236258	8.097527	4.357174	-0.174447	0.986908	0.000918	-0.000617	-0.161283	img__0_1588184238932156500.png
1588184236471	8.097815	4.377885	-0.151382	0.986756	-0.000707	-0.000782	-0.162207	img__0_1588184239144169400.png
1588184236732	8.100707	4.564229	-0.017492	0.985769	-0.001067	-0.000816	-0.168102	img__0_1588184239404972500.png
1588184237008	8.108784	4.542150	-0.082233	0.972423	0.168592	-0.029955	-0.158347	img__0_1588184239683403300.png
1588184237197	8.104112	4.271467	-0.279850	0.983822	0.100343	-0.019280	-0.147155	img__0_1588184239871250200.png
1588184237398	8.146900	4.568271	-0.296154	0.989400	0.022401	-0.005487	-0.143375	img__0_1588184240073995200.png
1588184237614	8.199976	4.905044	-0.234492	0.989787	0.000865	-0.001542	-0.142542	img__0_1588184240286595300.png
1588184237884	8.224451	5.055130	-0.142221	0.989470	-0.004679	-0.000498	-0.144665	img__0_1588184240559624600.png
1588184238088	8.205057	4.934347	-0.180573	0.989024	-0.005372	-0.000325	-0.147655	img__0_1588184240758068800.png
1588184238283	8.191698	4.852949	-0.245838	0.988706	0.000000	0.000000	-0.149870	img__0_1588184240958225300.png
1588184238514	8.191698	4.852949	-0.245838	0.988706	0.000000	0.000000	-0.149870	img__0_1588184241187888700.png
1588184238775	8.191698	4.852949	-0.245838	0.988706	0.000000	0.000000	-0.149870	img__0_1588184241451814700.png
1588184238979	8.191698	4.852949	-0.245838	0.988706	0.000000	0.000000	-0.149870	img__0_1588184241654460900.png
1588184239165	8.191698	4.852949	-0.245838	0.988706	0.000000	0.000000	-0.149870	img__0_1588184241839400800.png
1588184239363	8.191698	4.852949	-0.245838	0.988706	0.000000	0.000000	-0.149870	img__0_1588184242038774900.png
1588184239669	8.191698	4.852949	-0.245838	0.988706	0.000000	0.000000	-0.149870	img__0_1588184242344828200.png
1588184240047	8.191698	4.852949	-0.245838	0.988706	0.000000	0.000000	-0.149870	img__0_1588184242724783800.png
1588184240221	8.191698	4.852949	-0.245838	0.988706	0.000000	0.000000	-0.149870	img__0_1588184242899716200.png
1588184240410	8.191698	4.852949	-0.245838	0.988706	0.000000	0.000000	-0.149870	img__0_1588184243086251100.png
1588184240629	8.191698	4.852949	-0.245838	0.988706	0.000000	0.000000	-0.149870	img__0_1588184243307623800.png
1588184240995	8.191962	4.852977	-0.286666	0.988646	0.000566	-0.002262	-0.150246	img__0_1588184243674104000.png
1588184241226	8.194781	4.853247	-0.450205	0.988402	0.000825	-0.003322	-0.151823	img__0_1588184243902950500.png
1588184241424	8.199526	4.853691	-0.526946	0.988121	0.000874	-0.003530	-0.153634	img__0_1588184244102789300.png
1588184241617	8.206272	4.854325	-0.535813	0.987650	0.004370	0.018575	-0.155507	img__0_1588184244294802500.png
1588184241929	8.161721	4.875270	-0.408380	0.982181	0.017254	0.100431	-0.157913	img__0_1588184244604921700.png
1588184242310	7.933895	4.960605	-0.013820	0.986605	0.002401	0.006559	-0.162975	img__0_1588184244987448100.png
1588184242520	8.103524	4.897230	-0.310901	0.986522	0.000000	0.000000	-0.163629	img__0_1588184245197417900.png
1588184242706	8.103524	4.897230	-0.310901	0.986522	0.000000	0.000000	-0.163629	img__0_1588184245384611900.png
1588184242970	8.103524	4.897230	-0.310901	0.986522	0.000000	0.000000	-0.163629	img__0_1588184245647970100.png
1588184243312	8.103524	4.897230	-0.310901	0.986522	0.000000	0.000000	-0.163629	img__0_1588184245992676800.png
1588184243585	8.103524	4.897230	-0.310901	0.986522	0.000000	0.000000	-0.163629	img__0_1588184246263322500.png
1588184243771	8.103524	4.897230	-0.310901	0.986522	0.000000	0.000000	-0.163629	img__0_1588184246450581500.png
1588184243963	8.103524	4.897230	-0.310901	0.986522	0.000000	0.000000	-0.163629	img__0_1588184246640577100.png
