TimeStamp	POS_X	POS_Y	POS_Z	Q_W	Q_X	Q_Y	Q_Z	ImageFile
1588260404382	0.000000	0.000000	-0.146496	1.000000	0.000000	0.000000	0.000026	img__0_1588260405233169700.png
1588260404481	0.000000	0.000000	-0.146496	1.000000	0.000000	0.000000	0.000026	img__0_1588260405331157000.png
1588260404580	0.000032	-0.000077	-0.157246	0.999989	-0.004192	-0.001996	0.000036	img__0_1588260405429325300.png
1588260404679	0.000629	-0.001390	-0.225480	0.999959	-0.008191	-0.003794	0.000087	img__0_1588260405528412700.png
1588260404781	0.002478	-0.005393	-0.362177	0.999937	-0.010188	-0.004751	0.000174	img__0_1588260405632721400.png
1588260404883	0.005752	-0.012454	-0.549882	0.999923	-0.011220	-0.005230	0.000284	img__0_1588260405732779200.png
1588260404982	0.009831	-0.021239	-0.721539	0.999916	-0.011732	-0.005466	0.000408	img__0_1588260405832537500.png
1588260405084	0.014915	-0.032180	-0.878619	0.999906	-0.011982	-0.005634	-0.003456	img__0_1588260405934085700.png
1588260405189	0.021113	-0.045518	-1.020208	0.999047	-0.011995	-0.005952	-0.041542	img__0_1588260406039394700.png
1588260405288	0.027834	-0.060075	-1.135698	0.993367	-0.011947	-0.006103	-0.114200	img__0_1588260406138860800.png
1588260405387	0.035295	-0.076621	-1.234242	0.977106	-0.011959	-0.005878	-0.212334	img__0_1588260406237581100.png
1588260405483	0.043019	-0.094627	-1.314032	0.946676	-0.012054	-0.005256	-0.321919	img__0_1588260406334447500.png
1588260405585	0.051402	-0.115911	-1.382169	0.895374	-0.012208	-0.004212	-0.445127	img__0_1588260406435866900.png
1588260405681	0.059050	-0.137931	-1.430910	0.830983	-0.012364	-0.002891	-0.556153	img__0_1588260406533030600.png
1588260405780	0.066237	-0.162515	-1.465782	0.768953	-0.012554	-0.001131	-0.639181	img__0_1588260406629778700.png
1588260405882	0.072452	-0.189595	-1.485500	0.720577	-0.014245	-0.000936	-0.693227	img__0_1588260406731289900.png
1588260405978	0.076837	-0.217370	-1.490527	0.685438	-0.064039	-0.047975	-0.723721	img__0_1588260406827594700.png
1588260406074	0.078160	-0.262571	-1.510621	0.651803	-0.135564	-0.114747	-0.737298	img__0_1588260406925915100.png
1588260406176	0.072669	-0.356651	-1.561569	0.624212	-0.176168	-0.147925	-0.746620	img__0_1588260407025968300.png
1588260406272	0.060110	-0.487606	-1.605610	0.606165	-0.197694	-0.160672	-0.753436	img__0_1588260407122940900.png
1588260406365	0.040697	-0.648542	-1.624303	0.594699	-0.207085	-0.162317	-0.759672	img__0_1588260407217884600.png
1588260406452	0.015315	-0.828664	-1.620659	0.601562	-0.128690	-0.095977	-0.782528	img__0_1588260407302574300.png
1588260406551	-0.020073	-1.056819	-1.597413	0.602099	-0.070098	-0.045715	-0.794024	img__0_1588260407401231500.png
1588260406647	-0.058829	-1.290682	-1.559701	0.600302	-0.040466	-0.019768	-0.798504	img__0_1588260407499173800.png
1588260406746	-0.102200	-1.538565	-1.509865	0.598498	-0.024727	-0.005761	-0.800722	img__0_1588260407596693900.png
1588260406845	-0.148172	-1.789437	-1.445473	0.597176	-0.016683	0.001478	-0.801935	img__0_1588260407697871900.png
1588260406938	-0.193399	-2.026153	-1.371915	0.590654	-0.012726	0.004988	-0.806809	img__0_1588260407790463100.png
1588260407034	-0.241996	-2.270705	-1.283407	0.557333	-0.010648	0.006680	-0.830194	img__0_1588260407886424500.png
1588260407133	-0.294067	-2.522595	-1.180746	0.492425	-0.009525	0.007556	-0.870270	img__0_1588260407985545700.png
1588260407235	-0.349746	-2.781410	-1.065792	0.398310	-0.008679	0.008194	-0.917173	img__0_1588260408086596100.png
1588260407334	-0.405651	-3.031585	-0.945583	0.286079	-0.007831	0.008776	-0.958134	img__0_1588260408186044500.png
1588260407433	-0.463245	-3.280380	-0.817167	0.158809	-0.006828	0.009370	-0.987241	img__0_1588260408285245700.png
1588260407532	-0.522261	-3.527427	-0.679657	0.045133	-0.005503	0.010078	-0.998915	img__0_1588260408384005800.png
1588260407634	-0.584169	-3.779699	-0.531889	-0.038132	-0.004000	0.010819	-0.999206	img__0_1588260408485206500.png
1588260407739	-0.648785	-4.036084	-0.403295	-0.100393	-0.002624	0.011399	-0.994879	img__0_1588260408589549900.png
1588260407844	-0.713750	-4.288666	-0.310777	-0.144506	-0.001486	0.011785	-0.989433	img__0_1588260408694785400.png
1588260407949	-0.778553	-4.537418	-0.252859	-0.174370	-0.000581	0.012016	-0.984607	img__0_1588260408801647000.png
1588260408057	-0.844753	-4.790319	-0.185913	-0.193605	0.000132	0.012144	-0.981004	img__0_1588260408909097800.png
1588260408165	-0.878186	-4.918679	-0.141355	-0.204310	0.000593	0.012153	-0.978831	img__0_1588260409017752600.png
1588260408273	-0.877999	-4.918958	-0.140220	-0.207912	0.000927	0.012147	-0.978072	img__0_1588260409125031100.png
1588260408381	-0.873738	-4.903216	-0.158261	-0.207091	0.005749	0.087184	-0.974412	img__0_1588260409233927600.png
1588260408492	-0.864829	-4.868287	-0.185703	-0.202244	0.006456	0.175457	-0.963468	img__0_1588260409342714100.png
1588260408603	-0.861152	-4.852845	-0.216807	-0.201526	0.002289	0.115745	-0.972618	img__0_1588260409453846400.png
1588260408714	-0.861034	-4.852853	-0.220299	0.200665	0.000000	0.000000	0.979660	img__0_1588260409565046200.png
1588260408819	-0.861045	-4.852859	-0.230859	0.200470	0.000503	0.000407	0.979700	img__0_1588260409672186200.png
1588260408930	-0.861265	-4.852979	-0.310294	0.199400	0.000981	0.000815	0.979917	img__0_1588260409781895800.png
1588260409041	-0.861877	-4.853310	-0.451972	0.197685	0.001205	0.001000	0.980264	img__0_1588260409891686800.png
1588260409146	-0.862729	-4.853770	-0.576050	0.195672	0.001306	0.001086	0.980668	img__0_1588260409998242500.png
1588260409257	-0.863921	-4.854414	-0.687470	0.193275	0.001357	0.001132	0.981143	img__0_1588260410108484500.png
1588260409365	-0.865504	-4.855272	-0.816808	0.190768	0.001379	0.001155	0.981634	img__0_1588260410217658500.png
1588260409473	-0.867642	-4.856438	-1.007887	0.188147	0.001388	0.001168	0.982139	img__0_1588260410325018500.png
1588260409581	-0.870143	-4.857806	-1.199358	0.185453	0.001391	0.001176	0.982652	img__0_1588260410432403500.png
1588260409686	-0.872855	-4.859299	-1.364167	0.182749	0.003903	0.014684	0.983042	img__0_1588260410538913100.png
1588260409794	-0.877424	-4.864885	-1.512083	0.178414	0.024067	0.123723	0.975849	img__0_1588260410644498400.png
1588260409902	-0.890072	-4.891114	-1.636147	0.173003	0.038697	0.203708	0.962848	img__0_1588260410753108800.png
1588260410010	-0.915779	-4.951436	-1.732523	0.172023	0.028896	0.149035	0.973325	img__0_1588260410860614000.png
1588260410121	-0.953056	-5.041730	-1.805873	0.170832	0.014069	0.067630	0.982876	img__0_1588260410973717100.png
1588260410229	-0.994576	-5.142896	-1.856726	0.168367	0.007057	0.029964	0.985244	img__0_1588260411082261200.png
1588260410340	-1.039768	-5.252850	-1.889346	0.165534	0.003511	0.011264	0.986134	img__0_1588260411190697900.png
1588260410445	-1.083570	-5.358976	-1.902283	0.162787	0.001856	0.002662	0.986656	img__0_1588260411299139900.png
1588260410550	-1.127789	-5.465531	-1.897915	0.160024	0.001027	-0.001611	0.987111	img__0_1588260411404159000.png
1588260410661	-1.174667	-5.577773	-1.874523	0.157098	0.000600	-0.003813	0.987575	img__0_1588260411511220100.png
1588260410766	-1.218992	-5.683163	-1.834746	0.154328	0.000409	-0.004824	0.988008	img__0_1588260411619983600.png
1588260410871	-1.263230	-5.787599	-1.777997	0.151557	0.000320	-0.005326	0.988434	img__0_1588260411724303100.png
1588260410976	-1.308612	-5.893922	-1.702191	0.148705	0.000283	-0.005579	0.988854	img__0_1588260411829628900.png
1588260411087	-1.353861	-5.999083	-1.609058	0.145852	0.000273	-0.005702	0.989290	img__0_1588260411939465600.png
1588260411195	-1.398973	-6.103034	-1.500704	0.142998	0.000277	-0.005762	0.989706	img__0_1588260412048742100.png
1588260411300	-1.442659	-6.202472	-1.420273	0.140034	0.000286	-0.005790	0.990130	img__0_1588260412153238600.png
1588260411405	-1.486154	-6.300006	-1.390140	0.136353	0.000297	-0.005803	0.990643	img__0_1588260412257884800.png
1588260411510	-1.529528	-6.396329	-1.350149	0.132148	0.000312	-0.005810	0.991213	img__0_1588260412362028900.png
1588260411615	-1.572797	-6.491523	-1.293187	0.127593	0.000330	-0.005812	0.991810	img__0_1588260412469116100.png
1588260411720	-1.615966	-6.585545	-1.222129	0.122804	-0.000772	-0.014880	0.992319	img__0_1588260412572508500.png
1588260411825	-1.658073	-6.674127	-1.178398	0.117487	-0.009605	-0.087454	0.989170	img__0_1588260412676336500.png
1588260411927	-1.695446	-6.744752	-1.146794	0.112848	-0.005851	-0.054661	0.992090	img__0_1588260412780676500.png
1588260412032	-1.731645	-6.807325	-1.098846	0.107847	-0.002313	-0.025458	0.993839	img__0_1588260412885456500.png
1588260412140	-1.767828	-6.866561	-1.031830	0.102554	-0.000557	-0.011797	0.994657	img__0_1588260412992888200.png
1588260412245	-1.802617	-6.921672	-0.957437	0.097360	0.000328	-0.005224	0.995236	img__0_1588260413098372200.png
1588260412353	-1.838327	-6.976560	-0.936309	0.091978	0.001868	0.009687	0.995712	img__0_1588260413205850800.png
1588260412461	-1.874952	-7.034876	-0.952667	0.086160	0.009192	0.088922	0.992263	img__0_1588260413311766100.png
1588260412563	-1.911967	-7.102330	-0.953648	0.081393	0.005487	0.044320	0.995681	img__0_1588260413416150100.png
1588260412671	-1.952884	-7.182092	-0.936462	0.076106	0.002839	0.014543	0.996990	img__0_1588260413524298100.png
1588260412773	-1.992361	-7.260490	-0.919733	0.071025	0.001595	0.001309	0.997472	img__0_1588260413624929400.png
1588260412872	-2.031213	-7.337105	-0.957539	0.066073	0.000964	-0.005265	0.997800	img__0_1588260413726014300.png
1588260412977	-2.072585	-7.417247	-1.010771	0.060811	0.000632	-0.008825	0.998110	img__0_1588260413828655600.png
1588260413082	-2.113969	-7.495767	-1.047326	0.055544	0.000488	-0.010589	0.998400	img__0_1588260413934564600.png
1588260413190	-2.156506	-7.574480	-1.067333	0.050245	0.000397	-0.012432	0.998659	img__0_1588260414042761300.png
1588260413292	-2.196810	-7.645371	-1.088941	0.047377	0.026037	-0.083425	0.995047	img__0_1588260414144219200.png
1588260413394	-2.241781	-7.697659	-1.129501	0.048473	0.034009	-0.094999	0.993715	img__0_1588260414247230900.png
1588260413499	-2.293672	-7.732347	-1.157971	0.050422	0.017940	-0.048199	0.997403	img__0_1588260414351401800.png
1588260413604	-2.348500	-7.757565	-1.168509	0.051650	0.009429	-0.023315	0.998349	img__0_1588260414457221400.png
1588260413706	-2.403258	-7.777638	-1.162048	0.052392	0.005348	-0.011100	0.998548	img__0_1588260414558084400.png
1588260413805	-2.457207	-7.795117	-1.140169	0.052829	0.003333	-0.005076	0.998585	img__0_1588260414659729100.png
1588260413913	-2.516633	-7.813148	-1.102456	0.053092	0.002236	-0.001770	0.998586	img__0_1588260414765588500.png
1588260414015	-2.573542	-7.829627	-1.095787	0.053018	0.021847	-0.004238	0.998346	img__0_1588260414867983500.png
1588260414117	-2.636347	-7.844106	-1.118658	0.052719	0.039889	-0.017116	0.997666	img__0_1588260414970076000.png
1588260414222	-2.708233	-7.855735	-1.129264	0.051373	0.019690	-0.007503	0.998457	img__0_1588260415075312700.png
1588260414324	-2.781978	-7.865323	-1.136017	0.049610	0.010532	-0.003058	0.998709	img__0_1588260415177617200.png
1588260414429	-2.861223	-7.874000	-1.192133	0.047340	0.005786	-0.000850	0.998862	img__0_1588260415283944300.png
1588260414534	-2.941763	-7.882377	-1.245896	0.044461	0.003458	0.000258	0.999005	img__0_1588260415387096800.png
1588260414636	-3.020590	-7.890521	-1.281287	0.041262	0.002335	0.000803	0.999145	img__0_1588260415489902500.png
1588260414738	-3.099796	-7.898780	-1.300249	0.037797	0.001771	0.001083	0.999283	img__0_1588260415591457900.png
1588260414843	-3.181625	-7.907467	-1.304842	0.034046	0.001481	0.001231	0.999418	img__0_1588260415693696500.png
1588260414945	-3.261389	-7.916146	-1.307508	0.030281	0.001339	0.001305	0.999540	img__0_1588260415799213900.png
1588260415047	-3.341401	-7.925089	-1.312609	0.026437	0.001265	0.001346	0.999649	img__0_1588260415901727600.png
1588260415152	-3.424008	-7.934581	-1.320511	0.022425	0.001225	0.001369	0.999747	img__0_1588260416005671200.png
1588260415251	-3.502110	-7.943804	-1.330420	0.018608	0.001203	0.001382	0.999825	img__0_1588260416105619500.png
1588260415353	-3.582792	-7.953587	-1.343112	0.014651	0.001189	0.001392	0.999891	img__0_1588260416208348900.png
1588260415455	-3.663683	-7.963658	-1.358314	0.010678	0.001179	0.001399	0.999941	img__0_1588260416308937000.png
1588260415560	-3.747172	-7.974328	-1.376963	0.006577	0.001171	0.001405	0.999977	img__0_1588260416412483900.png
1588260415659	-3.826094	-7.984678	-1.399231	0.002703	0.001165	0.001410	0.999995	img__0_1588260416514518000.png
1588260415761	-3.907613	-7.995638	-1.427289	-0.001293	0.001159	0.001415	0.999998	img__0_1588260416616451700.png
1588260415863	-3.989336	-8.006901	-1.460500	-0.005292	0.001153	0.001419	0.999984	img__0_1588260416718528900.png
1588260415965	-4.071260	-8.018467	-1.498819	-0.009293	0.001147	0.001424	0.999955	img__0_1588260416820486900.png
1588260416067	-4.153384	-8.030340	-1.542034	-0.013296	0.001141	0.001429	0.999910	img__0_1588260416922004100.png
1588260416169	-4.235683	-8.042494	-1.580940	-0.017299	0.001136	0.001433	0.999849	img__0_1588260417022459900.png
1588260416268	-4.315703	-8.054529	-1.603827	-0.021185	0.001130	0.001438	0.999774	img__0_1588260417121723900.png
1588260416367	-4.395858	-8.066797	-1.611303	-0.025071	0.001124	0.001442	0.999684	img__0_1588260417221537800.png
1588260416472	-4.481017	-8.080066	-1.602432	-0.029192	0.001119	0.001447	0.999572	img__0_1588260417325029300.png
1588260416568	-4.559005	-8.092431	-1.579223	-0.032960	0.001113	0.001451	0.999455	img__0_1588260417422962000.png
1588260416667	-4.639557	-8.105416	-1.540279	-0.036845	0.001107	0.001455	0.999319	img__0_1588260417522003700.png
1588260416769	-4.722685	-8.119046	-1.484375	-0.040847	0.001102	0.001460	0.999164	img__0_1588260417622750600.png
1588260416877	-4.810849	-8.133756	-1.407988	-0.045084	0.001095	0.001464	0.998982	img__0_1588260417728861000.png
1588260416976	-4.891796	-8.147492	-1.322724	-0.048968	0.001090	0.001469	0.998799	img__0_1588260417831208500.png
1588260417081	-4.980241	-8.162757	-1.213473	-0.053204	0.001084	0.001473	0.998588	img__0_1588260417935905200.png
1588260417183	-5.061443	-8.177007	-1.098844	-0.057085	0.001078	0.001477	0.998368	img__0_1588260418037758800.png
1588260417285	-5.145231	-8.191950	-0.966700	-0.061084	0.001072	0.001482	0.998131	img__0_1588260418138070600.png
1588260417384	-5.226675	-8.206708	-0.825276	-0.064964	0.001066	0.001486	0.997886	img__0_1588260418238207600.png
1588260417483	-5.308237	-8.221721	-0.671360	-0.068843	0.001060	0.001490	0.997626	img__0_1588260418337052000.png
1588260417582	-5.389914	-8.236988	-0.505453	-0.072721	0.001054	0.001494	0.997351	img__0_1588260418435435400.png
1588260417681	-5.471706	-8.252515	-0.328070	-0.076598	0.001049	0.001498	0.997060	img__0_1588260418534538000.png
1588260417780	-5.553615	-8.268307	-0.141080	-0.080474	0.001043	0.001502	0.996755	img__0_1588260418634470600.png
1588260417879	-5.505370	-8.258994	-0.266220	0.081547	-0.000376	-0.000546	-0.996669	img__0_1588260418733247900.png
1588260417978	-5.505391	-8.259132	-0.320244	0.083006	-0.000692	-0.001028	-0.996548	img__0_1588260418832536100.png
1588260418080	-5.505515	-8.259459	-0.364533	0.085319	-0.000857	-0.001267	-0.996353	img__0_1588260418932135000.png
1588260418179	-5.505757	-8.259992	-0.391738	0.088095	-0.000937	-0.001388	-0.996111	img__0_1588260419034234300.png
1588260418278	-5.506145	-8.260787	-0.412535	0.091224	-0.000976	-0.001452	-0.995829	img__0_1588260419133098600.png
1588260418380	-5.506788	-8.262054	-0.479441	0.094695	-0.000995	-0.001487	-0.995505	img__0_1588260419235706000.png
1588260418485	-5.507637	-8.263696	-0.551116	0.098426	-0.002175	0.010373	-0.995088	img__0_1588260419338080900.png
1588260418584	-5.509111	-8.262864	-0.602256	0.101446	-0.011380	0.102160	-0.989516	img__0_1588260419437421100.png
1588260418680	-5.513483	-8.248568	-0.635474	0.105156	-0.010098	0.092012	-0.990138	img__0_1588260419535580000.png
1588260418782	-5.521471	-8.218067	-0.653225	0.109416	-0.005346	0.045673	-0.992932	img__0_1588260419633741000.png
1588260418878	-5.530728	-8.181760	-0.654577	0.113203	-0.003206	0.023730	-0.993283	img__0_1588260419732442900.png
1588260418977	-5.541242	-8.140454	-0.640728	0.117057	-0.002063	0.011483	-0.993057	img__0_1588260419833051100.png
1588260419076	-5.552325	-8.097241	-0.611536	0.120900	-0.001505	0.005192	-0.992650	img__0_1588260419930488000.png
1588260419175	-5.563762	-8.053177	-0.567144	0.124749	0.000028	-0.008080	-0.992155	img__0_1588260420031244700.png
1588260419280	-5.575248	-8.009615	-0.503507	0.128253	0.011912	-0.102432	-0.986365	img__0_1588260420133450000.png
1588260419379	-5.582407	-7.983299	-0.426873	0.132340	0.008674	-0.079429	-0.987979	img__0_1588260420232475100.png
1588260419475	-5.586233	-7.970369	-0.337660	0.136349	0.002957	-0.035435	-0.990022	img__0_1588260420330638800.png
1588260419574	-5.588808	-7.963078	-0.231548	0.140242	0.000121	-0.012850	-0.990034	img__0_1588260420428305400.png
1588260419673	-5.588148	-7.964824	-0.262147	0.142568	0.000000	0.000000	-0.989785	img__0_1588260420525758100.png
1588260419766	-5.588148	-7.964824	-0.262147	0.142568	0.000000	0.000000	-0.989785	img__0_1588260420622529500.png
1588260419862	-5.588148	-7.964824	-0.262147	0.142568	0.000000	0.000000	-0.989785	img__0_1588260420718250800.png
1588260419961	-5.588148	-7.964824	-0.262147	0.142568	0.000000	0.000000	-0.989785	img__0_1588260420815093400.png
1588260420057	-5.588148	-7.964824	-0.262147	0.142568	0.000000	0.000000	-0.989785	img__0_1588260420910279000.png
1588260420153	-5.588148	-7.964824	-0.262147	0.142568	0.000000	0.000000	-0.989785	img__0_1588260421007578100.png
1588260420255	-5.588148	-7.964824	-0.262147	0.142568	0.000000	0.000000	-0.989785	img__0_1588260421108659100.png
1588260420345	-5.588148	-7.964824	-0.262147	0.142568	0.000000	0.000000	-0.989785	img__0_1588260421200860600.png
1588260420444	-5.588148	-7.964824	-0.262147	0.142568	0.000000	0.000000	-0.989785	img__0_1588260421299006100.png
1588260420540	-5.588148	-7.964824	-0.262147	0.142568	0.000000	0.000000	-0.989785	img__0_1588260421395198800.png
1588260420636	-5.588148	-7.964824	-0.262147	0.142568	0.000000	0.000000	-0.989785	img__0_1588260421492408500.png
1588260420732	-5.588148	-7.964824	-0.262147	0.142568	0.000000	0.000000	-0.989785	img__0_1588260421586829500.png
1588260420828	-5.588148	-7.964824	-0.262147	0.142568	0.000000	0.000000	-0.989785	img__0_1588260421682118000.png
1588260420924	-5.588148	-7.964824	-0.262147	0.142568	0.000000	0.000000	-0.989785	img__0_1588260421778006200.png
