TimeStamp	POS_X	POS_Y	POS_Z	Q_W	Q_X	Q_Y	Q_Z	ImageFile
1588267349266	0.000000	0.000000	-0.146496	1.000000	0.000000	0.000000	0.000016	img__0_1588267352676863200.png
1588267349365	0.000000	0.000000	-0.146496	1.000000	0.000000	0.000000	0.000016	img__0_1588267352776420400.png
1588267349458	0.000005	0.000008	-0.155160	1.000000	0.000475	-0.000389	0.000026	img__0_1588267352868113800.png
1588267349563	0.000134	0.000171	-0.225673	0.999999	0.000963	-0.000768	0.000083	img__0_1588267352972008500.png
1588267349671	0.000545	0.000690	-0.373083	0.999999	0.001200	-0.000962	0.000180	img__0_1588267353083796400.png
1588267349782	0.001332	0.001676	-0.597086	0.999997	0.001321	-0.001055	-0.001930	img__0_1588267353190338300.png
1588267349899	0.002515	0.003155	-0.870485	0.999672	0.001395	-0.001084	-0.025565	img__0_1588267353311816600.png
1588267350001	0.003761	0.004708	-1.096160	0.996493	0.001432	-0.001078	-0.083654	img__0_1588267353413583600.png
1588267350100	0.005154	0.006420	-1.294400	0.985224	0.001431	-0.001084	-0.171261	img__0_1588267353512223400.png
1588267350196	0.006695	0.008257	-1.467433	0.961462	0.001385	-0.001120	-0.274932	img__0_1588267353606972900.png
1588267350295	0.008505	0.010307	-1.626984	0.919964	0.001293	-0.001187	-0.391998	img__0_1588267353706213500.png
1588267350391	0.010496	0.012403	-1.764129	0.865559	0.001158	-0.001283	-0.500805	img__0_1588267353802304900.png
1588267350490	0.012809	0.014621	-1.888103	0.815623	0.000972	-0.001419	-0.578581	img__0_1588267353901751000.png
1588267350586	0.015311	0.016770	-1.991931	0.778958	0.000793	-0.001541	-0.627073	img__0_1588267353998337200.png
1588267350679	0.017977	0.018805	-2.077549	0.753114	0.000642	-0.001634	-0.657888	img__0_1588267354092650200.png
1588267350778	0.021070	0.020881	-2.152881	0.733754	0.000512	-0.001703	-0.679413	img__0_1588267354188674900.png
1588267350871	0.024209	0.022719	-2.209082	0.721248	0.000417	-0.001746	-0.692674	img__0_1588267354283994300.png
1588267350964	0.027570	0.024319	-2.251384	0.712302	-0.022155	-0.022368	-0.701167	img__0_1588267354377618900.png
1588267351060	0.030899	0.019960	-2.280197	0.698500	-0.113096	-0.095033	-0.700197	img__0_1588267354471442900.png
1588267351153	0.032436	-0.003984	-2.291271	0.686136	-0.163351	-0.133465	-0.696219	img__0_1588267354566515400.png
1588267351246	0.030852	-0.056972	-2.283364	0.677806	-0.190654	-0.153796	-0.693236	img__0_1588267354660404300.png
1588267351339	0.025153	-0.144816	-2.256427	0.672849	-0.205278	-0.164279	-0.691482	img__0_1588267354753425300.png
1588267351432	0.014986	-0.268477	-2.206479	0.670126	-0.213033	-0.168562	-0.690749	img__0_1588267354844123900.png
1588267351516	0.001678	-0.411036	-2.142198	0.684131	-0.143723	-0.114224	-0.705876	img__0_1588267354929777400.png
1588267351612	-0.018147	-0.608469	-2.078376	0.692700	-0.075320	-0.060698	-0.714710	img__0_1588267355024605000.png
1588267351708	-0.041530	-0.834312	-2.065243	0.695311	-0.039325	-0.032544	-0.716894	img__0_1588267355119730800.png
1588267351801	-0.065843	-1.067772	-2.103963	0.694794	-0.020715	-0.018120	-0.718682	img__0_1588267355214268300.png
1588267351900	-0.092314	-1.322830	-2.169340	0.680429	-0.010042	-0.010255	-0.732674	img__0_1588267355313067200.png
1588267351990	-0.116450	-1.557092	-2.234077	0.649342	-0.005007	-0.006638	-0.760451	img__0_1588267355402456800.png
1588267352083	-0.141251	-1.800349	-2.308143	0.598229	-0.002309	-0.004587	-0.801309	img__0_1588267355496726700.png
1588267352182	-0.167369	-2.060015	-2.400065	0.525680	-0.000946	-0.003355	-0.850675	img__0_1588267355595244500.png
1588267352284	-0.193982	-2.327813	-2.487260	0.462129	-0.000438	-0.002624	-0.885995	img__0_1588267355695692000.png
1588267352374	-0.217258	-2.564168	-2.549922	0.422542	-0.000325	-0.002257	-0.906341	img__0_1588267355787918900.png
1588267352470	-0.241920	-2.816301	-2.602278	0.392719	-0.000332	-0.002034	-0.919656	img__0_1588267355883511900.png
1588267352566	-0.266451	-3.068434	-2.639889	0.371208	-0.000379	-0.001908	-0.928548	img__0_1588267355979659800.png
1588267352665	-0.291651	-3.328430	-2.663394	0.336262	-0.000405	-0.001839	-0.941767	img__0_1588267356078016500.png
1588267352761	-0.316034	-3.580521	-2.670852	0.277403	-0.000427	-0.001797	-0.960752	img__0_1588267356174554200.png
1588267352854	-0.339657	-3.824684	-2.661595	0.231878	-0.000505	-0.001754	-0.972743	img__0_1588267356268095900.png
1588267352956	-0.365621	-4.092395	-2.632617	0.197498	-0.000609	-0.001712	-0.980302	img__0_1588267356369362500.png
1588267353049	-0.389377	-4.336390	-2.589180	0.171988	-0.000687	-0.001681	-0.985097	img__0_1588267356462401100.png
1588267353148	-0.414779	-4.596014	-2.526432	0.119097	-0.000723	-0.001663	-0.992881	img__0_1588267356560802000.png
1588267353247	-0.440313	-4.855480	-2.445505	0.043885	-0.000766	-0.001634	-0.999035	img__0_1588267356661192000.png
1588267353349	-0.466763	-5.122606	-2.344637	-0.014102	-0.000869	-0.001574	-0.999899	img__0_1588267356762076500.png
1588267353448	-0.492569	-5.381653	-2.232588	-0.051954	-0.000978	-0.001511	-0.998648	img__0_1588267356862018100.png
1588267353556	-0.520792	-5.663365	-2.102642	-0.079548	0.002443	0.047569	-0.995692	img__0_1588267356966112100.png
1588267353652	-0.543979	-5.900478	-2.011639	-0.096136	0.011472	0.156927	-0.982853	img__0_1588267357065872500.png
1588267353754	-0.561586	-6.111582	-1.950539	-0.109229	0.011858	0.161818	-0.980685	img__0_1588267357166814400.png
1588267353856	-0.573388	-6.291022	-1.884472	-0.118857	0.004481	0.082037	-0.989506	img__0_1588267357270690100.png
1588267353964	-0.582856	-6.463823	-1.807317	-0.125184	0.001158	0.038877	-0.991371	img__0_1588267357378475700.png
1588267354069	-0.589965	-6.618633	-1.785729	-0.129109	-0.000169	0.018694	-0.991454	img__0_1588267357481254600.png
1588267354171	-0.596119	-6.763299	-1.793398	-0.131579	-0.000759	0.008857	-0.991266	img__0_1588267357586378800.png
1588267354276	-0.602321	-6.910309	-1.786828	-0.133212	-0.001048	0.003761	-0.991080	img__0_1588267357687466200.png
1588267354378	-0.608405	-7.052235	-1.768190	-0.134215	-0.001184	0.001282	-0.990951	img__0_1588267357792707200.png
1588267354483	-0.614933	-7.197776	-1.789580	-0.134848	-0.001254	0.000001	-0.990865	img__0_1588267357895999400.png
1588267354585	-0.621631	-7.338930	-1.861108	-0.135198	-0.021317	0.007595	-0.990560	img__0_1588267357998937400.png
1588267354687	-0.633209	-7.477349	-1.922713	-0.135271	-0.129193	0.058249	-0.980621	img__0_1588267358101876200.png
1588267354795	-0.665320	-7.610822	-1.966703	-0.138014	-0.101865	0.053718	-0.983712	img__0_1588267358208979700.png
1588267354903	-0.716057	-7.730849	-1.989426	-0.139459	-0.050641	0.025445	-0.988605	img__0_1588267358316015700.png
1588267355011	-0.776262	-7.844148	-1.993068	-0.140207	-0.025107	0.011705	-0.989735	img__0_1588267358421929500.png
1588267355113	-0.837485	-7.948170	-1.979544	-0.140579	-0.013259	0.005291	-0.989967	img__0_1588267358526514200.png
1588267355215	-0.900915	-8.050797	-1.949723	-0.140768	-0.007316	0.002052	-0.990013	img__0_1588267358629495400.png
1588267355317	-0.965559	-8.152753	-1.903763	-0.140912	-0.001202	0.022423	-0.989767	img__0_1588267358731006600.png
1588267355419	-1.029654	-8.250035	-1.842022	-0.140246	0.015125	0.125602	-0.982001	img__0_1588267358833279800.png
1588267355527	-1.090382	-8.326370	-1.773923	-0.140236	0.016604	0.129964	-0.981411	img__0_1588267358939649700.png
1588267355635	-1.142180	-8.370336	-1.712483	-0.140977	0.007553	0.063645	-0.987936	img__0_1588267359050214100.png
1588267355737	-1.187814	-8.399599	-1.639726	-0.141039	0.003150	0.031455	-0.989499	img__0_1588267359152656300.png
1588267355839	-1.232038	-8.423221	-1.551349	-0.140942	0.000939	0.015298	-0.989899	img__0_1588267359254248300.png
1588267355947	-1.278153	-8.444312	-1.448090	-0.137234	-0.018760	0.074134	-0.987583	img__0_1588267359362547900.png
1588267356049	-1.324972	-8.444916	-1.374464	-0.115850	-0.105837	0.149895	-0.976171	img__0_1588267359464895300.png
1588267356157	-1.397817	-8.401295	-1.322154	-0.087944	-0.111689	0.126291	-0.981755	img__0_1588267359570202000.png
1588267356259	-1.490053	-8.327669	-1.276472	-0.065136	-0.055491	0.065162	-0.994199	img__0_1588267359673073100.png
1588267356361	-1.591787	-8.241258	-1.214942	-0.049163	-0.027765	0.032711	-0.997869	img__0_1588267359777217300.png
1588267356466	-1.701374	-8.145906	-1.134633	-0.036816	-0.014011	0.015761	-0.999099	img__0_1588267359880495700.png
1588267356571	-1.813475	-8.047434	-1.037955	-0.000832	-0.007063	0.007405	-0.999947	img__0_1588267359985953200.png
1588267356667	-1.917146	-7.956124	-0.938011	0.055186	-0.003932	0.003477	-0.998462	img__0_1588267360081753300.png
1588267356766	-2.024705	-7.861454	-0.824712	0.097117	-0.002420	0.001177	-0.995269	img__0_1588267360180033600.png
1588267356865	-2.133373	-7.766768	-0.732683	0.126665	-0.062830	-0.007476	-0.989926	img__0_1588267360279422800.png
1588267356964	-2.257087	-7.676027	-0.671467	0.148065	-0.119792	-0.014808	-0.981584	img__0_1588267360378673600.png
1588267357060	-2.399339	-7.594281	-0.624228	0.165587	-0.060310	-0.006721	-0.984326	img__0_1588267360473813800.png
1588267357156	-2.551232	-7.516326	-0.567913	0.180659	-0.014796	-0.077194	-0.980400	img__0_1588267360570552200.png
1588267357252	-2.702511	-7.458262	-0.541193	0.194347	0.028207	-0.165176	-0.966515	img__0_1588267360666424800.png
1588267357348	-2.841741	-7.433583	-0.537797	0.210055	0.020387	-0.108055	-0.971486	img__0_1588267360762308000.png
1588267357444	-2.973551	-7.426216	-0.522557	0.220970	0.008605	-0.052923	-0.973806	img__0_1588267360859879300.png
1588267357543	-3.105969	-7.427002	-0.491247	0.228272	0.002881	-0.024183	-0.973293	img__0_1588267360957205100.png
1588267357636	-3.228869	-7.431553	-0.454014	0.234495	0.000106	-0.009614	-0.972070	img__0_1588267361052328800.png
1588267357732	-3.355062	-7.438498	-0.443743	0.249386	-0.001435	-0.001624	-0.968402	img__0_1588267361147375800.png
1588267357828	-3.481289	-7.445981	-0.442452	0.264997	-0.002218	0.002546	-0.964243	img__0_1588267361241694900.png
1588267357921	-3.603884	-7.452978	-0.428117	0.275549	-0.002635	0.004677	-0.961272	img__0_1588267361335589800.png
1588267358023	-3.738874	-7.460024	-0.396958	0.283478	-0.002907	0.005882	-0.958956	img__0_1588267361437149700.png
1588267358143	-3.898744	-7.467018	-0.360817	0.289589	-0.003098	0.006544	-0.957124	img__0_1588267361559684500.png
1588267358248	-4.040244	-7.471219	-0.391179	0.293095	-0.003201	0.006804	-0.956054	img__0_1588267361663435100.png
1588267358344	-4.170645	-7.473813	-0.435413	0.295299	-0.003264	0.006918	-0.955374	img__0_1588267361759939500.png
1588267358443	-4.305861	-7.475569	-0.466619	0.296896	-0.003309	0.006975	-0.954879	img__0_1588267361860470300.png
1588267358542	-4.441828	-7.476395	-0.482353	0.297808	-0.003341	0.007000	-0.954594	img__0_1588267361955648100.png
1588267358638	-4.574402	-7.476308	-0.482906	0.288391	-0.003422	0.006981	-0.957481	img__0_1588267362053952000.png
1588267358731	-4.703513	-7.475386	-0.469654	0.248276	-0.003570	0.006912	-0.968658	img__0_1588267362147503500.png
1588267358851	-4.871059	-7.472946	-0.432417	0.163491	-0.003539	0.006887	-0.986515	img__0_1588267362267045300.png
1588267358947	-5.005772	-7.469923	-0.385875	0.111106	-0.003184	0.007021	-0.993779	img__0_1588267362364818000.png
1588267359046	-5.145206	-7.465740	-0.322406	0.074894	-0.002736	0.007199	-0.997162	img__0_1588267362461826000.png
1588267359145	-5.285051	-7.460422	-0.243482	0.051136	-0.002329	0.007355	-0.998662	img__0_1588267362561921300.png
1588267359247	-5.326506	-7.458009	-0.212407	0.036726	-0.002151	0.007509	-0.999295	img__0_1588267362663038300.png
1588267359346	-5.314069	-7.458065	-0.216306	0.030780	-0.002127	0.007697	-0.999494	img__0_1588267362761784500.png
1588267359442	-5.310871	-7.457829	-0.214449	0.029281	-0.002061	0.007801	-0.999539	img__0_1588267362860350000.png
1588267359547	-5.270574	-7.460967	-0.251672	0.029568	0.000000	0.000000	-0.999563	img__0_1588267362963050100.png
1588267359643	-5.270574	-7.460967	-0.251672	0.029568	0.000000	0.000000	-0.999563	img__0_1588267363060596400.png
1588267359745	-5.270583	-7.460918	-0.262411	0.029750	-0.000476	0.002607	-0.999554	img__0_1588267363161828000.png
1588267359841	-5.270741	-7.460148	-0.326874	0.030629	-0.000901	0.005071	-0.999518	img__0_1588267363258482700.png
1588267359940	-5.271209	-7.457911	-0.447831	0.032083	-0.001129	0.006313	-0.999465	img__0_1588267363355930400.png
1588267360036	-5.271907	-7.454582	-0.568083	0.033860	-0.001247	0.006957	-0.999402	img__0_1588267363454076200.png
1588267360138	-5.272890	-7.449925	-0.678432	0.036016	-0.001316	0.007309	-0.999324	img__0_1588267363554067900.png
1588267360234	-5.274057	-7.444427	-0.766102	0.038217	-0.001356	0.007479	-0.999241	img__0_1588267363652198600.png
1588267360333	-5.275472	-7.438178	-0.840450	0.040594	0.001604	-0.067466	-0.996894	img__0_1588267363750123600.png
1588267360429	-5.276218	-7.441844	-0.896354	0.042633	0.005536	-0.165293	-0.985307	img__0_1588267363846502000.png
1588267360531	-5.275120	-7.470527	-0.935650	0.045460	0.003459	-0.120304	-0.991690	img__0_1588267363947760700.png
1588267360633	-5.272403	-7.520659	-0.955510	0.048270	0.001054	-0.062689	-0.996865	img__0_1588267364047382900.png
1588267360729	-5.269147	-7.578337	-0.958481	0.050815	-0.000043	-0.034084	-0.998126	img__0_1588267364146273600.png
1588267360828	-5.265503	-7.643445	-0.946314	0.053426	-0.000598	-0.018280	-0.998404	img__0_1588267364245906700.png
1588267360927	-5.261785	-7.712007	-0.931375	0.056041	-0.000853	-0.010173	-0.998376	img__0_1588267364343806900.png
1588267361026	-5.258134	-7.783166	-0.945072	0.058664	-0.000970	-0.005979	-0.998259	img__0_1588267364443643900.png
1588267361128	-5.254542	-7.858157	-0.995527	0.061371	-0.001046	-0.003374	-0.998109	img__0_1588267364546387000.png
1588267361227	-5.251345	-7.930962	-1.060896	0.063773	-0.005434	0.067197	-0.995685	img__0_1588267364642645100.png
1588267361323	-5.249728	-7.991496	-1.111462	0.065937	-0.008782	0.121369	-0.990376	img__0_1588267364740386800.png
1588267361422	-5.250412	-8.037173	-1.146462	0.069009	-0.004578	0.058223	-0.995905	img__0_1588267364839733800.png
1588267361524	-5.252640	-8.073934	-1.165679	0.071847	-0.002734	0.028807	-0.996996	img__0_1588267364941168800.png
1588267361623	-5.255636	-8.104575	-1.168539	0.074523	-0.001872	0.014282	-0.997115	img__0_1588267365040584100.png
1588267361719	-5.259013	-8.131958	-1.156596	0.077095	-0.001450	0.006808	-0.997000	img__0_1588267365137361300.png
1588267361818	-5.262820	-8.159061	-1.129186	0.079737	-0.001235	0.002792	-0.996811	img__0_1588267365235072100.png
1588267361917	-5.266867	-8.185690	-1.086567	0.082376	-0.001129	0.000714	-0.996601	img__0_1588267365335097600.png
1588267362013	-5.270991	-8.211316	-1.030876	0.084902	-0.002499	0.016461	-0.996250	img__0_1588267365431105300.png
1588267362112	-5.276411	-8.232067	-0.962475	0.086687	-0.012297	0.130712	-0.987547	img__0_1588267365528530800.png
1588267362211	-5.286313	-8.228616	-0.911997	0.090307	-0.011937	0.069493	-0.993415	img__0_1588267365629397800.png
1588267362310	-5.302886	-8.205049	-0.903244	0.097581	-0.076817	0.028323	-0.991854	img__0_1588267365726483000.png
1588267362406	-5.331734	-8.176209	-0.908585	0.100851	-0.043421	0.014074	-0.993854	img__0_1588267365823549300.png
1588267362511	-5.371927	-8.142826	-0.901171	0.103913	-0.022264	0.006265	-0.994318	img__0_1588267365928411000.png
1588267362607	-5.412695	-8.111602	-0.883064	0.106255	-0.012077	0.002621	-0.994262	img__0_1588267366025097300.png
1588267362700	-5.454971	-8.081051	-0.890277	0.102189	-0.006895	0.000664	-0.994741	img__0_1588267366118496600.png
1588267362796	-5.500009	-8.049501	-0.901600	0.096509	-0.004082	-0.000399	-0.995324	img__0_1588267366213448600.png
1588267362892	-5.545676	-8.018077	-0.898531	0.092658	-0.002076	-0.006690	-0.995673	img__0_1588267366310799200.png
1588267362991	-5.592755	-7.988090	-0.880142	0.089720	0.007724	-0.105068	-0.990380	img__0_1588267366408101400.png
1588267363087	-5.635959	-7.973955	-0.845958	0.087365	0.013688	-0.166391	-0.982087	img__0_1588267366504121800.png
1588267363186	-5.676563	-7.982369	-0.792282	0.087024	0.006321	-0.082173	-0.992791	img__0_1588267366602459300.png
1588267363282	-5.713680	-8.004000	-0.724677	0.086468	0.002241	-0.036579	-0.995580	img__0_1588267366698905700.png
1588267363378	-5.749879	-8.031629	-0.643050	0.086030	0.000074	-0.012637	-0.996212	img__0_1588267366795258500.png
1588267363474	-5.785853	-8.061403	-0.547948	0.085751	-0.001092	0.000183	-0.996316	img__0_1588267366892706600.png
1588267363573	-5.823099	-8.092196	-0.436479	0.085600	-0.001717	0.007051	-0.996303	img__0_1588267366991942500.png
1588267363672	-5.860791	-8.121651	-0.329084	0.085547	-0.002040	0.010607	-0.996276	img__0_1588267367090127600.png
1588267363771	-5.898992	-8.149277	-0.216240	0.085561	-0.002206	0.012446	-0.996253	img__0_1588267367188742400.png
1588267363867	-5.885801	-8.139980	-0.256525	0.085616	0.000000	0.000000	-0.996328	img__0_1588267367285263400.png
1588267363966	-5.885801	-8.139980	-0.256525	0.085616	0.000000	0.000000	-0.996328	img__0_1588267367383103400.png
1588267364059	-5.885801	-8.139980	-0.256525	0.085616	0.000000	0.000000	-0.996328	img__0_1588267367478115500.png
1588267364155	-5.885801	-8.139980	-0.256525	0.085616	0.000000	0.000000	-0.996328	img__0_1588267367573946500.png
1588267364257	-5.885801	-8.139980	-0.256525	0.085616	0.000000	0.000000	-0.996328	img__0_1588267367672085800.png
1588267364344	-5.885801	-8.139980	-0.256525	0.085616	0.000000	0.000000	-0.996328	img__0_1588267367762811600.png
1588267364440	-5.885801	-8.139980	-0.256525	0.085616	0.000000	0.000000	-0.996328	img__0_1588267367857704700.png
1588267364536	-5.885801	-8.139980	-0.256525	0.085616	0.000000	0.000000	-0.996328	img__0_1588267367953376200.png
1588267364632	-5.885801	-8.139980	-0.256525	0.085616	0.000000	0.000000	-0.996328	img__0_1588267368049858200.png
1588267364728	-5.885801	-8.139980	-0.256525	0.085616	0.000000	0.000000	-0.996328	img__0_1588267368145005000.png
1588267364821	-5.885801	-8.139980	-0.256525	0.085616	0.000000	0.000000	-0.996328	img__0_1588267368239510800.png
1588267364920	-5.885801	-8.139980	-0.256525	0.085616	0.000000	0.000000	-0.996328	img__0_1588267368336570900.png
1588267365013	-5.885801	-8.139980	-0.256525	0.085616	0.000000	0.000000	-0.996328	img__0_1588267368431837800.png
1588267365127	-5.885801	-8.139980	-0.256525	0.085616	0.000000	0.000000	-0.996328	img__0_1588267368542073800.png
1588267365223	-5.885801	-8.139980	-0.256525	0.085616	0.000000	0.000000	-0.996328	img__0_1588267368640844900.png
