TimeStamp	POS_X	POS_Y	POS_Z	Q_W	Q_X	Q_Y	Q_Z	ImageFile
1588266629853	0.000000	0.000001	-0.146623	1.000000	0.000356	-0.000256	0.000018	img__0_1588266633042364100.png
1588266629964	0.000076	0.000098	-0.164672	0.999999	0.000898	-0.000717	0.000069	img__0_1588266633154941000.png
1588266630069	0.000399	0.000503	-0.251574	0.999999	0.001164	-0.000934	0.000158	img__0_1588266633258529500.png
1588266630174	0.001051	0.001321	-0.409850	0.999999	0.001297	-0.001040	0.000272	img__0_1588266633365351900.png
1588266630288	0.002163	0.002711	-0.653986	0.999998	0.001367	-0.001095	0.000416	img__0_1588266633475318400.png
1588266630396	0.003485	0.004365	-0.891580	0.999998	0.001398	-0.001119	0.000563	img__0_1588266633585411300.png
1588266630507	0.005053	0.006327	-1.110714	0.999998	0.001414	-0.001131	0.000723	img__0_1588266633696978100.png
1588266630618	0.006839	0.008560	-1.304829	0.999998	0.001422	-0.001137	0.000888	img__0_1588266633807002900.png
1588266630726	0.008793	0.011005	-1.473114	0.999925	0.001415	-0.001152	0.012122	img__0_1588266633916858900.png
1588266630837	0.011027	0.013803	-1.626883	0.997784	0.001390	-0.001183	0.066505	img__0_1588266634026489300.png
1588266630948	0.013500	0.016926	-1.770276	0.987022	0.001380	-0.001177	0.160578	img__0_1588266634137556500.png
1588266631065	0.016344	0.020615	-1.918250	0.957856	0.001405	-0.001104	0.287245	img__0_1588266634254425900.png
1588266631179	0.019278	0.024614	-2.056046	0.908424	0.001464	-0.000962	0.418046	img__0_1588266634369050900.png
1588266631296	0.022350	0.029103	-2.176067	0.859679	0.001572	-0.000736	0.510832	img__0_1588266634485923400.png
1588266631413	0.025387	0.033974	-2.273035	0.823901	0.001672	-0.000516	0.566731	img__0_1588266634604468500.png
1588266631533	0.028384	0.039359	-2.349155	0.798872	0.001742	-0.000333	0.601498	img__0_1588266634721592600.png
1588266631656	0.031267	0.045268	-2.403148	0.782131	0.001784	-0.000195	0.623111	img__0_1588266634845862300.png
1588266631779	0.033913	0.051556	-2.433159	0.771464	0.001807	-0.000100	0.636271	img__0_1588266634968189000.png
1588266631899	0.036239	0.058041	-2.439512	0.764854	0.001818	-0.000038	0.644201	img__0_1588266635088909100.png
1588266632025	0.038390	0.065211	-2.421883	0.760475	0.001823	0.000005	0.649364	img__0_1588266635214283800.png
1588266632145	0.040151	0.072378	-2.382057	0.757842	0.001826	0.000031	0.652436	img__0_1588266635335402800.png
1588266632265	0.041622	0.079869	-2.319993	0.765059	0.001826	0.000069	0.643958	img__0_1588266635456872200.png
1588266632388	0.042824	0.087887	-2.234818	0.805725	0.001820	0.000123	0.592287	img__0_1588266635579901300.png
1588266632514	0.043726	0.096495	-2.134962	0.869110	0.001803	0.000113	0.494615	img__0_1588266635703319800.png
1588266632631	0.044318	0.104863	-2.026807	0.928492	0.001776	0.000020	0.371348	img__0_1588266635820969200.png
1588266632754	0.044771	0.114069	-1.893686	0.976325	0.001730	-0.000151	0.216302	img__0_1588266635943999300.png
1588266632865	0.045126	0.122751	-1.755580	0.998128	0.001666	-0.000350	0.061138	img__0_1588266636056008500.png
1588266632976	0.045530	0.131783	-1.600988	0.994815	0.001574	-0.000569	-0.101685	img__0_1588266636166770800.png
1588266633087	0.046083	0.141130	-1.430571	0.964063	0.001450	-0.000794	-0.265670	img__0_1588266636275563100.png
1588266633195	0.046850	0.150466	-1.250235	0.907325	0.001296	-0.001003	-0.420427	img__0_1588266636386096100.png
1588266633306	0.047941	0.160220	-1.050671	0.826910	0.001097	-0.001206	-0.562332	img__0_1588266636495386000.png
1588266633408	0.049245	0.169232	-0.855353	0.757959	0.000876	-0.001393	-0.652300	img__0_1588266636599372700.png
1588266633513	0.050939	0.177975	-0.651475	0.700640	-0.037021	-0.033842	-0.711750	img__0_1588266636704867700.png
1588266633624	0.050245	0.170738	-0.457722	0.642445	-0.147713	-0.095350	-0.745891	img__0_1588266636813570900.png
1588266633729	0.036011	0.117943	-0.300648	0.599365	-0.201102	-0.119104	-0.765594	img__0_1588266636919500200.png
1588266633837	0.035913	0.118364	-0.308117	0.605785	-0.021672	-0.006182	-0.795309	img__0_1588266637027421700.png
1588266633939	0.030108	0.109526	-0.338900	0.600325	-0.135679	-0.056337	-0.786147	img__0_1588266637128760600.png
1588266634047	0.004601	0.067448	-0.412954	0.605553	-0.081981	-0.034273	-0.790829	img__0_1588266637238016100.png
1588266634155	-0.035896	-0.000799	-0.526013	0.609098	-0.039605	-0.017448	-0.791913	img__0_1588266637345389600.png
1588266634263	-0.080964	-0.077333	-0.623867	0.611752	-0.019185	-0.009255	-0.790763	img__0_1588266637452755300.png
1588266634371	-0.127955	-0.157662	-0.702180	0.614451	-0.009298	-0.005344	-0.788882	img__0_1588266637561045400.png
1588266634476	-0.174431	-0.237642	-0.760096	0.617239	-0.004605	-0.003526	-0.786754	img__0_1588266637666136400.png
1588266634581	-0.221182	-0.318637	-0.800368	0.620164	-0.002286	-0.002647	-0.784465	img__0_1588266637771972100.png
1588266634692	-0.270623	-0.404966	-0.832730	0.623356	-0.001093	-0.002206	-0.781934	img__0_1588266637882685600.png
1588266634800	-0.318538	-0.489726	-0.916938	0.626527	-0.000535	-0.002007	-0.779397	img__0_1588266637988358400.png
1588266634905	-0.364872	-0.573035	-1.067189	0.629351	-0.022209	-0.015306	-0.776653	img__0_1588266638096574300.png
1588266635013	-0.416912	-0.670525	-1.265960	0.624413	-0.139150	-0.071496	-0.765267	img__0_1588266638203867600.png
1588266635121	-0.488968	-0.813973	-1.513569	0.618695	-0.200576	-0.102272	-0.752680	img__0_1588266638313603700.png
1588266635226	-0.587409	-1.018619	-1.794196	0.618222	-0.220526	-0.113746	-0.745809	img__0_1588266638418413100.png
1588266635331	-0.707094	-1.272692	-2.072374	0.634989	-0.119320	-0.060638	-0.760838	img__0_1588266638522489400.png
1588266635437	-0.835680	-1.547521	-2.318819	0.642037	-0.059100	-0.030968	-0.763765	img__0_1588266638626749800.png
1588266635542	-0.968487	-1.832415	-2.537070	0.638053	-0.028591	-0.016152	-0.769292	img__0_1588266638733581400.png
1588266635647	-1.103235	-2.122202	-2.730481	0.601977	-0.013389	-0.009599	-0.798344	img__0_1588266638838887200.png
1588266635758	-1.246450	-2.430964	-2.910510	0.530265	-0.005829	-0.006166	-0.847790	img__0_1588266638947831700.png
1588266635866	-1.385846	-2.732392	-3.063216	0.468674	-0.002651	-0.004153	-0.883357	img__0_1588266639055250000.png
1588266635971	-1.521107	-3.025802	-3.191426	0.429996	-0.001369	-0.003025	-0.902825	img__0_1588266639161859300.png
1588266636076	-1.655997	-3.319296	-3.300397	0.406382	-0.000840	-0.002415	-0.913700	img__0_1588266639267797600.png
1588266636184	-1.794325	-3.621136	-3.393015	0.384805	-0.000608	-0.002093	-0.922996	img__0_1588266639373106000.png
1588266636292	-1.932230	-3.922881	-3.466384	0.328550	-0.000476	-0.001937	-0.944485	img__0_1588266639482417600.png
1588266636397	-2.065943	-4.216151	-3.519623	0.253925	-0.000461	-0.001841	-0.967222	img__0_1588266639588151800.png
1588266636508	-2.207010	-4.526076	-3.556794	0.200070	-0.000558	-0.001759	-0.979780	img__0_1588266639696670400.png
1588266636622	-2.351685	-4.844241	-3.574731	0.164716	-0.000676	-0.001696	-0.986339	img__0_1588266639810922400.png
1588266636727	-2.484824	-5.137140	-3.573203	0.143970	-0.000767	-0.001652	-0.989580	img__0_1588266639918643600.png
1588266636838	-2.625500	-5.446599	-3.552802	0.124486	-0.000831	-0.001621	-0.992220	img__0_1588266640028379500.png
1588266636949	-2.766140	-5.755849	-3.513190	0.069532	-0.000843	-0.001612	-0.997578	img__0_1588266640139145900.png
1588266637060	-2.906792	-6.064837	-3.454561	0.012465	-0.000900	-0.001574	-0.999921	img__0_1588266640249704400.png
1588266637171	-3.047495	-6.373492	-3.377203	-0.023521	-0.000990	-0.001518	-0.999722	img__0_1588266640361957500.png
1588266637282	-3.188270	-6.681761	-3.281488	-0.045242	-0.001072	-0.001466	-0.998974	img__0_1588266640472637900.png
1588266637393	-3.329137	-6.989619	-3.169984	-0.057742	-0.001134	-0.001424	-0.998330	img__0_1588266640583600500.png
1588266637507	-3.473936	-7.305371	-3.047781	-0.065549	-0.001176	-0.001394	-0.997848	img__0_1588266640696184400.png
1588266637615	-3.611218	-7.604073	-2.917994	-0.093133	-0.001179	-0.001393	-0.995652	img__0_1588266640806173900.png
1588266637732	-3.759573	-7.925723	-2.759341	-0.151145	0.017349	0.091924	-0.984075	img__0_1588266640921838700.png
1588266637852	-3.903933	-8.234220	-2.578111	-0.189188	0.035986	0.177142	-0.965160	img__0_1588266641040052000.png
1588266637966	-4.025959	-8.490326	-2.388643	-0.213671	0.018446	0.107895	-0.970754	img__0_1588266641156996200.png
1588266638086	-4.140708	-8.726564	-2.202734	-0.227585	0.028460	0.142883	-0.962798	img__0_1588266641275077800.png
1588266638203	-4.228642	-8.904610	-2.077585	-0.233524	0.047452	0.215264	-0.947036	img__0_1588266641395253800.png
1588266638320	-4.276256	-9.000886	-2.013799	-0.236631	0.057322	0.247266	-0.937859	img__0_1588266641511695600.png
1588266638437	-4.275455	-9.002862	-2.005759	-0.238520	0.060432	0.252244	-0.935858	img__0_1588266641629162300.png
1588266638557	-4.230197	-8.920264	-2.025620	-0.243912	0.036575	0.153000	-0.956954	img__0_1588266641747397500.png
1588266638674	-4.167619	-8.804679	-2.020364	-0.245144	0.016114	0.069655	-0.966847	img__0_1588266641865481000.png
1588266638794	-4.095344	-8.670453	-1.991165	-0.243735	0.006518	0.030671	-0.969335	img__0_1588266641985918300.png
1588266638914	-4.019601	-8.529183	-1.939224	-0.241476	0.002172	0.013167	-0.970315	img__0_1588266642105044100.png
1588266639034	-3.942564	-8.384934	-1.865108	-0.238855	0.000197	0.005304	-0.971041	img__0_1588266642223895700.png
1588266639154	-3.865232	-8.239562	-1.770516	-0.235929	-0.007349	-0.025582	-0.971406	img__0_1588266642344538300.png
1588266639271	-3.794873	-8.106884	-1.695325	-0.230732	-0.033953	-0.135441	-0.962946	img__0_1588266642461970000.png
1588266639388	-3.750423	-8.023896	-1.688064	-0.224378	-0.052082	-0.211113	-0.949933	img__0_1588266642578518300.png
1588266639505	-3.741731	-8.010518	-1.725228	-0.224723	-0.034229	-0.135676	-0.964324	img__0_1588266642697631300.png
1588266639625	-3.749385	-8.028967	-1.740716	-0.223642	-0.014645	-0.053867	-0.973072	img__0_1588266642817421800.png
1588266639751	-3.764629	-8.061860	-1.732577	-0.220749	-0.005486	-0.016246	-0.975180	img__0_1588266642940915800.png
1588266639865	-3.781668	-8.094972	-1.720089	-0.217975	-0.067658	0.055283	-0.972036	img__0_1588266643056410000.png
1588266639979	-3.813436	-8.110757	-1.726907	-0.215089	-0.093986	0.072505	-0.969354	img__0_1588266643172129000.png
1588266640099	-3.864216	-8.106347	-1.712719	-0.214454	-0.042124	0.031554	-0.975315	img__0_1588266643290507300.png
1588266640219	-3.923696	-8.091784	-1.675174	-0.212490	-0.019417	0.013520	-0.976877	img__0_1588266643410867300.png
1588266640336	-3.985626	-8.073288	-1.616935	-0.210082	-0.009551	0.005580	-0.977621	img__0_1588266643527876100.png
1588266640453	-4.049491	-8.052976	-1.537795	-0.207423	-0.005091	0.001937	-0.978236	img__0_1588266643646024200.png
1588266640570	-4.114423	-8.031940	-1.438221	-0.204615	-0.003076	0.000264	-0.978838	img__0_1588266643763806900.png
1588266640687	-4.180026	-8.010684	-1.318754	-0.201714	-0.002164	-0.000506	-0.979442	img__0_1588266643880182800.png
1588266640804	-4.246219	-7.989419	-1.188528	-0.198720	-0.024088	0.003673	-0.979753	img__0_1588266643996953600.png
1588266640921	-4.322229	-7.964477	-1.103915	-0.194665	-0.108385	0.020619	-0.974645	img__0_1588266644113717800.png
1588266641041	-4.434005	-7.925267	-1.071416	-0.192297	-0.062745	0.011507	-0.979261	img__0_1588266644231755800.png
1588266641155	-4.563030	-7.878967	-1.083464	-0.189601	-0.029500	0.004755	-0.981407	img__0_1588266644348455200.png
1588266641272	-4.702547	-7.828824	-1.080425	-0.186596	-0.014139	0.001566	-0.982334	img__0_1588266644463969500.png
1588266641386	-4.841515	-7.779023	-1.056777	-0.183622	-0.007287	0.000112	-0.982970	img__0_1588266644579637500.png
1588266641503	-4.985724	-7.727602	-1.016234	-0.180557	-0.004061	-0.000588	-0.983556	img__0_1588266644695605700.png
1588266641617	-5.127241	-7.677491	-0.980906	-0.177566	-0.002622	-0.000908	-0.984105	img__0_1588266644810985400.png
1588266641734	-5.273004	-7.626204	-0.929102	-0.174493	-0.001944	-0.001064	-0.984656	img__0_1588266644926298200.png
1588266641851	-5.419105	-7.575128	-0.856337	-0.171418	-0.001634	-0.001139	-0.985196	img__0_1588266645043495200.png
1588266641965	-5.561716	-7.525594	-0.765655	-0.168419	-0.001494	-0.001175	-0.985714	img__0_1588266645157727600.png
1588266642082	-5.708324	-7.475016	-0.655800	-0.165340	-0.001426	-0.001195	-0.986235	img__0_1588266645273736200.png
1588266642193	-5.847665	-7.427308	-0.548713	-0.162416	-0.001395	-0.001205	-0.986721	img__0_1588266645386471400.png
1588266642307	-5.991034	-7.378603	-0.440156	-0.159412	-0.001377	-0.001213	-0.987210	img__0_1588266645499344900.png
1588266642424	-6.138446	-7.328928	-0.331011	-0.156327	-0.001367	-0.001219	-0.987704	img__0_1588266645614653000.png
1588266642535	-6.278549	-7.282096	-0.229574	-0.153399	-0.001361	-0.001224	-0.988163	img__0_1588266645729128900.png
1588266642649	-6.311590	-7.273293	-0.205067	-0.150328	-0.013287	-0.078800	-0.985401	img__0_1588266645842823300.png
1588266642763	-6.282957	-7.289418	-0.280889	-0.147912	-0.022087	-0.135960	-0.979362	img__0_1588266645955655800.png
1588266642877	-6.363017	-7.306581	-0.333852	-0.147335	-0.010567	-0.060061	-0.987205	img__0_1588266646071035900.png
1588266642991	-6.448000	-7.338663	-0.376439	-0.145360	-0.004981	-0.023659	-0.989084	img__0_1588266646183783100.png
1588266643102	-6.532575	-7.375022	-0.398252	-0.142959	-0.002413	-0.007167	-0.989700	img__0_1588266646296228800.png
1588266643216	-6.620177	-7.413961	-0.400484	-0.140272	-0.001156	0.000802	-0.990112	img__0_1588266646409595600.png
1588266643330	-6.707991	-7.452780	-0.382344	-0.137461	-0.000568	0.004526	-0.990497	img__0_1588266646521924000.png
1588266643441	-6.793457	-7.489674	-0.345198	-0.134650	-0.000302	0.006235	-0.990874	img__0_1588266646633292900.png
1588266643552	-6.878778	-7.525311	-0.289018	-0.131794	-0.000184	0.007051	-0.991252	img__0_1588266646745892100.png
1588266643666	-6.966402	-7.561132	-0.211787	-0.128509	-0.009112	-0.061090	-0.989783	img__0_1588266646860552300.png
1588266643780	-6.929430	-7.545852	-0.246702	0.127274	0.000000	0.000000	0.991868	img__0_1588266646972442000.png
1588266643891	-6.929430	-7.545852	-0.246702	0.127274	0.000000	0.000000	0.991868	img__0_1588266647083070100.png
1588266644002	-6.929430	-7.545852	-0.246702	0.127274	0.000000	0.000000	0.991868	img__0_1588266647195546300.png
1588266644113	-6.929430	-7.545852	-0.246702	0.127274	0.000000	0.000000	0.991868	img__0_1588266647306655600.png
1588266644224	-6.929430	-7.545852	-0.246702	0.127274	0.000000	0.000000	0.991868	img__0_1588266647417881400.png
1588266644335	-6.929430	-7.545852	-0.246702	0.127274	0.000000	0.000000	0.991868	img__0_1588266647528659700.png
1588266644449	-6.929430	-7.545852	-0.246702	0.127274	0.000000	0.000000	0.991868	img__0_1588266647639587000.png
1588266644560	-6.929444	-7.545864	-0.259418	0.125345	0.000512	0.000486	0.992113	img__0_1588266647752293700.png
1588266644668	-6.929638	-7.546011	-0.325907	0.114449	0.000937	0.000897	0.993428	img__0_1588266647862127800.png
1588266644782	-6.930151	-7.546402	-0.427935	0.094306	0.001138	0.001097	0.995542	img__0_1588266647973781000.png
1588266644893	-6.930645	-7.547023	-0.509837	0.080846	-0.052214	0.002353	0.995355	img__0_1588266648087327000.png
1588266645007	-6.920068	-7.549016	-0.572572	0.070149	-0.170326	0.000289	0.982888	img__0_1588266648201482400.png
1588266645118	-6.877320	-7.554011	-0.608396	0.079019	-0.184641	0.069974	0.977122	img__0_1588266648312223500.png
1588266645226	-6.803051	-7.573702	-0.617180	0.088355	-0.098667	0.084786	0.987557	img__0_1588266648420357500.png
1588266645337	-6.707909	-7.612928	-0.602826	0.086046	-0.046603	0.037736	0.994485	img__0_1588266648529472300.png
1588266645448	-6.603504	-7.661301	-0.568247	0.084431	-0.021622	0.015138	0.996080	img__0_1588266648640158200.png
1588266645556	-6.497752	-7.711977	-0.516065	0.083345	-0.010061	0.004425	0.996460	img__0_1588266648749579900.png
1588266645667	-6.387087	-7.765227	-0.443816	0.082566	-0.004396	-0.000913	0.996576	img__0_1588266648860200000.png
1588266645781	-6.272511	-7.819844	-0.350395	0.081992	-0.001674	-0.003508	0.996625	img__0_1588266648973419600.png
1588266645895	-6.157575	-7.873745	-0.237990	0.081564	-0.000414	-0.004721	0.996657	img__0_1588266649089079900.png
1588266646006	-6.171129	-7.867397	-0.251438	0.081359	0.000000	0.000000	0.996685	img__0_1588266649198502200.png
1588266646117	-6.171129	-7.867397	-0.251438	0.081359	0.000000	0.000000	0.996685	img__0_1588266649308970700.png
1588266646225	-6.171129	-7.867397	-0.251438	0.081359	0.000000	0.000000	0.996685	img__0_1588266649419969600.png
1588266646336	-6.171129	-7.867397	-0.251438	0.081359	0.000000	0.000000	0.996685	img__0_1588266649530255000.png
1588266646447	-6.171129	-7.867397	-0.251438	0.081359	0.000000	0.000000	0.996685	img__0_1588266649640125300.png
1588266646558	-6.171129	-7.867321	-0.268620	0.081341	0.000277	-0.002400	0.996683	img__0_1588266649749290700.png
1588266646669	-6.171864	-7.866258	-0.319759	0.081014	0.079358	-0.035620	0.992910	img__0_1588266649862338400.png
1588266646786	-6.187960	-7.856979	-0.354977	0.080839	0.089675	-0.034894	0.992072	img__0_1588266649979858900.png
1588266646900	-6.222998	-7.838557	-0.366272	0.081693	0.042407	-0.015310	0.995637	img__0_1588266650094205000.png
1588266647014	-6.267420	-7.815832	-0.356624	0.082158	0.020341	-0.006416	0.996391	img__0_1588266650208051900.png
1588266647125	-6.315013	-7.791901	-0.327570	0.082380	0.010268	-0.002357	0.996545	img__0_1588266650318875000.png
1588266647236	-6.364752	-7.767264	-0.279354	0.082461	0.005511	-0.000426	0.996579	img__0_1588266650430593200.png
1588266647353	-6.418417	-7.741079	-0.208081	0.082451	0.003186	0.000526	0.996590	img__0_1588266650546704900.png
1588266647464	-6.390498	-7.754658	-0.247360	0.082445	0.000000	0.000000	0.996596	img__0_1588266650656857100.png
1588266647572	-6.390498	-7.754658	-0.247360	0.082445	0.000000	0.000000	0.996596	img__0_1588266650766661100.png
1588266647683	-6.390498	-7.754658	-0.247360	0.082445	0.000000	0.000000	0.996596	img__0_1588266650876131100.png
1588266647794	-6.390498	-7.754658	-0.247360	0.082445	0.000000	0.000000	0.996596	img__0_1588266650987587500.png
1588266647902	-6.390498	-7.754658	-0.247360	0.082445	0.000000	0.000000	0.996596	img__0_1588266651096916900.png
1588266648010	-6.390498	-7.754658	-0.247360	0.082445	0.000000	0.000000	0.996596	img__0_1588266651205606100.png
1588266648121	-6.390498	-7.754658	-0.247360	0.082445	0.000000	0.000000	0.996596	img__0_1588266651315489400.png
1588266648229	-6.390498	-7.754658	-0.247360	0.082445	0.000000	0.000000	0.996596	img__0_1588266651423365400.png
