TimeStamp	POS_X	POS_Y	POS_Z	Q_W	Q_X	Q_Y	Q_Z	ImageFile
1588259369044	0.000000	0.000000	-0.146496	1.000000	0.000000	0.000000	0.000018	img__0_1588259369412006200.png
1588259369149	0.000011	0.000059	-0.160330	0.999997	0.002224	-0.000432	0.000032	img__0_1588259369517965800.png
1588259369257	0.000161	0.000864	-0.235763	0.999991	0.004208	-0.000804	0.000097	img__0_1588259369625443900.png
1588259369365	0.000490	0.002607	-0.315201	0.999986	0.005130	-0.000979	0.000198	img__0_1588259369733030700.png
1588259369470	0.000987	0.005229	-0.374295	0.999984	0.005566	-0.001062	0.000319	img__0_1588259369840170400.png
1588259369582	0.001723	0.009108	-0.418982	0.999983	0.005792	-0.001104	0.000420	img__0_1588259369949758000.png
1588259369693	0.002740	0.014464	-0.470439	0.999976	0.005903	-0.001103	-0.003605	img__0_1588259370060632700.png
1588259369798	0.003960	0.020884	-0.522863	0.999341	0.005969	-0.001004	-0.035783	img__0_1588259370167614100.png
1588259369909	0.005498	0.028851	-0.560418	0.993524	0.005986	-0.000921	-0.113458	img__0_1588259370276263900.png
1588259370014	0.007323	0.037702	-0.597694	0.977979	0.005918	-0.001052	-0.208616	img__0_1588259370383665500.png
1588259370122	0.009869	0.048459	-0.671723	0.957355	0.005776	-0.001475	-0.288853	img__0_1588259370490744500.png
1588259370233	0.013433	0.061091	-0.783194	0.936661	0.005607	-0.001998	-0.350187	img__0_1588259370600443800.png
1588259370344	0.018170	0.075148	-0.929008	0.918057	0.005436	-0.002475	-0.396404	img__0_1588259370711552500.png
1588259370449	0.023503	0.089237	-1.053362	0.904883	0.005275	-0.002866	-0.425617	img__0_1588259370817143400.png
1588259370557	0.029883	0.104391	-1.161381	0.895457	0.005129	-0.003181	-0.445107	img__0_1588259370926038300.png
1588259370662	0.037015	0.119705	-1.247601	0.889232	0.005014	-0.003404	-0.457416	img__0_1588259371030380700.png
1588259370767	0.045102	0.135542	-1.315716	0.885044	0.004926	-0.003561	-0.465468	img__0_1588259371134754000.png
1588259370872	0.054183	0.151850	-1.366051	0.881842	-0.007693	-0.027207	-0.470697	img__0_1588259371239631900.png
1588259370974	0.066920	0.163699	-1.397790	0.871478	-0.060370	-0.125477	-0.470253	img__0_1588259371343653800.png
1588259371079	0.093467	0.157294	-1.410088	0.867141	-0.075189	-0.138255	-0.472545	img__0_1588259371449633800.png
1588259371187	0.135880	0.127861	-1.400725	0.873935	-0.033994	-0.064808	-0.480501	img__0_1588259371556408800.png
1588259371289	0.183614	0.088475	-1.374044	0.860064	-0.015157	-0.033838	-0.508837	img__0_1588259371659346500.png
1588259371391	0.235201	0.043589	-1.330673	0.823824	-0.005762	-0.018420	-0.566517	img__0_1588259371761381000.png
1588259371499	0.292122	-0.006905	-1.267213	0.782837	-0.001707	-0.010003	-0.622143	img__0_1588259371868724200.png
1588259371610	0.352030	-0.060395	-1.184180	0.753769	-0.000312	-0.005713	-0.657114	img__0_1588259371979481700.png
1588259371721	0.413030	-0.114953	-1.116473	0.732333	0.000139	-0.003656	-0.680936	img__0_1588259372088541600.png
1588259371823	0.470001	-0.165890	-1.111550	0.708436	0.000288	-0.002727	-0.705770	img__0_1588259372193544600.png
1588259371928	0.529284	-0.218844	-1.151741	0.673986	0.000326	-0.002251	-0.738740	img__0_1588259372297233900.png
1588259372042	0.594230	-0.276830	-1.246145	0.639573	-0.009030	-0.009769	-0.768615	img__0_1588259372413057600.png
1588259372147	0.652865	-0.337140	-1.364621	0.610300	-0.112000	-0.072470	-0.780858	img__0_1588259372517226100.png
1588259372258	0.702588	-0.435764	-1.517803	0.591178	-0.148228	-0.080747	-0.788681	img__0_1588259372625121900.png
1588259372363	0.734614	-0.563458	-1.665160	0.593812	-0.070936	-0.039702	-0.800487	img__0_1588259372731865400.png
1588259372468	0.759674	-0.705280	-1.792847	0.588223	-0.075636	0.034558	-0.804412	img__0_1588259372837749100.png
1588259372579	0.770389	-0.858657	-1.905225	0.582259	-0.079487	0.074867	-0.805637	img__0_1588259372947330300.png
1588259372690	0.759631	-1.009387	-1.994605	0.584192	-0.038628	0.035634	-0.809912	img__0_1588259373059363400.png
1588259372795	0.739127	-1.150589	-2.059963	0.584354	-0.019166	0.016721	-0.811100	img__0_1588259373165126500.png
1588259372903	0.713037	-1.295216	-2.108544	0.584224	-0.009343	0.007182	-0.811507	img__0_1588259373270560800.png
1588259373008	0.685378	-1.435608	-2.137990	0.584120	-0.004679	0.002653	-0.811650	img__0_1588259373377382200.png
1588259373113	0.656466	-1.575867	-2.150063	0.583138	-0.026571	0.045054	-0.810688	img__0_1588259373482267000.png
1588259373224	0.615535	-1.719295	-2.142942	0.575030	-0.079915	0.153613	-0.799598	img__0_1588259373593674500.png
1588259373329	0.550762	-1.841705	-2.113614	0.579225	-0.059212	0.114816	-0.804866	img__0_1588259373697957500.png
1588259373440	0.459294	-1.959194	-2.060290	0.583623	-0.027822	0.053271	-0.809798	img__0_1588259373808678500.png
1588259373542	0.364823	-2.061786	-1.993809	0.584678	-0.014169	0.026096	-0.810722	img__0_1588259373912506400.png
1588259373653	0.256598	-2.170683	-1.903545	0.572856	-0.007019	0.011191	-0.819549	img__0_1588259374021646500.png
1588259373761	0.148764	-2.275409	-1.798821	0.524747	-0.003883	0.004191	-0.851239	img__0_1588259374128978900.png
1588259373866	0.042843	-2.376779	-1.684899	0.448496	-0.002285	0.000939	-0.893782	img__0_1588259374236071000.png
1588259373974	-0.066539	-2.480950	-1.553143	0.384616	-0.001362	-0.000557	-0.923076	img__0_1588259374343428400.png
1588259374079	-0.173009	-2.582333	-1.418296	0.342717	-0.000923	-0.001196	-0.939437	img__0_1588259374450072400.png
1588259374187	-0.282586	-2.686963	-1.317611	0.312610	-0.021888	-0.004367	-0.949619	img__0_1588259374556083700.png
1588259374292	-0.394340	-2.791624	-1.245885	0.290385	-0.114792	-0.016912	-0.949849	img__0_1588259374662420800.png
1588259374403	-0.531707	-2.911276	-1.155280	0.276534	-0.093939	-0.013665	-0.956304	img__0_1588259374770339300.png
1588259374511	-0.683087	-3.035734	-1.047902	0.268294	-0.046003	-0.008255	-0.962203	img__0_1588259374881599500.png
1588259374616	-0.838357	-3.161464	-0.929824	0.263943	-0.020736	-0.064290	-0.962170	img__0_1588259374985113000.png
1588259374724	-0.997577	-3.312567	-0.833806	0.262019	0.004566	-0.149469	-0.953407	img__0_1588259375095615400.png
1588259374835	-1.150313	-3.506865	-0.764396	0.261687	0.003021	-0.076242	-0.962132	img__0_1588259375203303600.png
1588259374943	-1.293386	-3.712569	-0.685332	0.260660	0.000111	-0.033837	-0.964838	img__0_1588259375313427800.png
1588259375057	-1.442121	-3.936693	-0.582590	0.259781	-0.001273	-0.013041	-0.965579	img__0_1588259375426276200.png
1588259375162	-1.578340	-4.145947	-0.490828	0.259266	-0.001912	-0.003851	-0.965796	img__0_1588259375532997700.png
1588259375273	-1.722376	-4.368614	-0.467476	0.258960	-0.002254	0.000893	-0.965885	img__0_1588259375640845300.png
1588259375378	-1.859117	-4.579065	-0.498567	0.258771	0.000605	0.013984	-0.965837	img__0_1588259375747070500.png
1588259375483	-1.995959	-4.785753	-0.518397	0.256109	0.048455	0.118453	-0.958138	img__0_1588259375853179900.png
1588259375594	-2.137550	-4.981266	-0.517706	0.256171	0.056384	0.119456	-0.957563	img__0_1588259375965381500.png
1588259375705	-2.274215	-5.149659	-0.494361	0.259790	0.027006	0.056558	-0.963629	img__0_1588259376075685000.png
1588259375813	-2.404240	-5.300008	-0.454667	0.259523	0.059817	0.039355	-0.963079	img__0_1588259376182961000.png
1588259375921	-2.521921	-5.436816	-0.415905	0.256310	0.121566	0.043016	-0.957954	img__0_1588259376292012000.png
1588259376026	-2.617769	-5.556499	-0.365514	0.258648	0.052615	0.018464	-0.964361	img__0_1588259376397807300.png
1588259376134	-2.706864	-5.673096	-0.295646	0.259479	0.018289	0.006244	-0.965555	img__0_1588259376502836200.png
1588259376239	-2.789826	-5.783979	-0.226052	0.259896	0.002046	0.000460	-0.965634	img__0_1588259376608586300.png
1588259376344	-2.871916	-5.894350	-0.219802	0.260192	-0.005957	-0.002393	-0.965536	img__0_1588259376713670900.png
1588259376446	-2.952922	-6.002522	-0.264094	0.260431	-0.009811	-0.003772	-0.965435	img__0_1588259376817653100.png
1588259376554	-3.040226	-6.118165	-0.298410	0.260653	-0.011822	-0.004494	-0.965350	img__0_1588259376925182900.png
1588259376662	-3.129386	-6.235141	-0.314286	0.260856	-0.012790	-0.004845	-0.965281	img__0_1588259377031602300.png
1588259376767	-3.218023	-6.350269	-0.312699	0.261041	-0.013247	-0.005012	-0.965224	img__0_1588259377136051900.png
1588259376872	-3.309316	-6.467305	-0.322667	0.261218	-0.013471	-0.005096	-0.965172	img__0_1588259377243331800.png
1588259376977	-3.403970	-6.586760	-0.372880	0.261388	-0.013581	-0.005139	-0.965124	img__0_1588259377347800000.png
1588259377085	-3.503537	-6.711212	-0.410135	0.261560	-0.013636	-0.005162	-0.965077	img__0_1588259377452607800.png
1588259377184	-3.597190	-6.827009	-0.448892	0.261715	-0.013660	-0.005173	-0.965035	img__0_1588259377556200500.png
1588259377292	-3.703405	-6.956255	-0.557362	0.261882	-0.013673	-0.005181	-0.964989	img__0_1588259377662654500.png
1588259377403	-3.815934	-7.091520	-0.697151	0.262053	-0.013678	-0.005186	-0.964943	img__0_1588259377772885000.png
1588259377508	-3.924461	-7.220972	-0.811257	0.262214	-0.013681	-0.005189	-0.964899	img__0_1588259377879851600.png
1588259377616	-4.038476	-7.355846	-0.922210	0.262379	-0.013681	-0.005192	-0.964854	img__0_1588259377985986700.png
1588259377721	-4.152676	-7.489403	-1.067662	0.262538	-0.013681	-0.005195	-0.964811	img__0_1588259378092338000.png
1588259377826	-4.268962	-7.624468	-1.198860	0.262698	-0.013681	-0.005197	-0.964767	img__0_1588259378196624100.png
1588259377928	-4.383799	-7.757030	-1.307662	0.262853	-0.013680	-0.005199	-0.964725	img__0_1588259378300456200.png
1588259378036	-4.507410	-7.898853	-1.403448	0.263018	-0.013679	-0.005202	-0.964680	img__0_1588259378407922100.png
1588259378141	-4.629585	-8.038185	-1.477917	0.263177	-0.013678	-0.005204	-0.964637	img__0_1588259378512554200.png
1588259378246	-4.753733	-8.178951	-1.534385	0.263337	-0.013677	-0.005206	-0.964593	img__0_1588259378618214500.png
1588259378354	-4.883551	-8.325120	-1.573993	0.263018	-0.015919	0.022434	-0.964399	img__0_1588259378726053900.png
1588259378462	-5.017766	-8.465455	-1.594574	0.259253	-0.013271	0.137500	-0.955879	img__0_1588259378830587800.png
1588259378567	-5.155877	-8.582189	-1.594550	0.261819	-0.007277	0.073681	-0.962273	img__0_1588259378935747700.png
1588259378678	-5.307020	-8.691402	-1.574503	0.263106	-0.003797	0.033816	-0.964167	img__0_1588259379048326200.png
1588259378789	-5.460885	-8.793248	-1.534961	0.262644	-0.007942	0.083284	-0.961259	img__0_1588259379160431100.png
1588259378894	-5.611299	-8.875723	-1.480159	0.260084	-0.001342	0.149638	-0.953920	img__0_1588259379266484400.png
1588259378999	-5.768836	-8.933723	-1.409514	0.263228	-0.002030	0.082356	-0.961210	img__0_1588259379371229000.png
1588259379104	-5.930675	-8.976542	-1.321406	0.264690	-0.001165	0.039199	-0.963536	img__0_1588259379476493200.png
1588259379209	-6.094604	-9.011931	-1.216856	0.265012	0.017145	0.023638	-0.963803	img__0_1588259379580703800.png
1588259379320	-6.264310	-9.042732	-1.089158	0.260901	0.130699	0.044036	-0.955463	img__0_1588259379691979700.png
1588259379425	-6.405032	-9.058233	-0.952531	0.261444	0.101638	0.031048	-0.959350	img__0_1588259379795608200.png
1588259379527	-6.517909	-9.058290	-0.845671	0.262781	0.045651	0.013384	-0.963682	img__0_1588259379898392000.png
1588259379635	-6.621852	-9.048779	-0.802805	0.263225	0.016032	0.004060	-0.964593	img__0_1588259380004406300.png
1588259379737	-6.714473	-9.036623	-0.818536	0.263433	0.002328	-0.000257	-0.964675	img__0_1588259380109164800.png
1588259379842	-6.809027	-9.023863	-0.830302	0.263605	-0.004684	-0.002468	-0.964616	img__0_1588259380212774600.png
1588259379947	-6.781214	-9.025905	-0.834128	0.261089	-0.007907	-0.003496	-0.965276	img__0_1588259380318207100.png
1588259380052	-6.771757	-9.026911	-0.857456	0.257234	-0.009543	-0.004032	-0.966294	img__0_1588259380424452200.png
1588259380157	-6.768182	-9.027033	-0.856878	0.253627	-0.010416	-0.004288	-0.967237	img__0_1588259380528709200.png
1588259380262	-6.766479	-9.026977	-0.854422	0.250781	-0.010900	-0.004400	-0.967973	img__0_1588259380633194100.png
1588259380361	-6.764874	-9.027473	-0.847851	0.248809	-0.011152	-0.004438	-0.968478	img__0_1588259380733296600.png
1588259380466	-6.764647	-9.027013	-0.846101	0.246942	0.063753	0.014773	-0.966818	img__0_1588259380835363900.png
1588259380568	-6.754161	-9.020648	-0.844850	0.245305	0.085505	0.020452	-0.965451	img__0_1588259380940878000.png
1588259380673	-6.731163	-9.004075	-0.835696	0.245112	0.039285	0.008663	-0.968660	img__0_1588259381045077000.png
1588259380775	-6.702095	-8.984580	-0.809917	0.244724	0.017120	0.002974	-0.969437	img__0_1588259381147382800.png
1588259380880	-6.669136	-8.963140	-0.766415	0.244438	0.005785	0.000053	-0.969648	img__0_1588259381250593500.png
1588259380985	-6.635044	-8.941374	-0.707270	0.244288	0.000208	-0.001386	-0.969702	img__0_1588259381355982500.png
1588259381090	-6.600815	-8.919948	-0.669968	0.245167	-0.002537	-0.002093	-0.969475	img__0_1588259381458757500.png
1588259381189	-6.569094	-8.900531	-0.687819	0.249619	-0.003837	-0.002423	-0.968334	img__0_1588259381561419300.png
1588259381291	-6.537383	-8.881553	-0.763525	0.258073	-0.007790	0.009665	-0.966046	img__0_1588259381663137900.png
1588259381393	-6.510205	-8.857357	-0.878886	0.267721	-0.030976	0.121982	-0.955241	img__0_1588259381764771600.png
1588259381498	-6.497433	-8.806333	-1.026031	0.285926	-0.015299	0.091752	-0.953726	img__0_1588259381868501400.png
1588259381603	-6.494506	-8.735892	-1.172107	0.301162	0.000421	0.044165	-0.952550	img__0_1588259381974189900.png
1588259381708	-6.494255	-8.657393	-1.298920	0.311006	0.007410	0.021105	-0.950145	img__0_1588259382079255400.png
1588259381810	-6.494080	-8.577127	-1.403571	0.317359	0.010653	0.009806	-0.948195	img__0_1588259382183080100.png
1588259381918	-6.492661	-8.489753	-1.495155	0.321864	0.012306	0.003876	-0.946698	img__0_1588259382291286000.png
1588259382023	-6.489421	-8.403387	-1.565722	0.324803	0.013079	0.001084	-0.945691	img__0_1588259382394810900.png
1588259382131	-6.483836	-8.313573	-1.619679	0.326853	0.013467	-0.000301	-0.944979	img__0_1588259382502738500.png
1588259382236	-6.476060	-8.225523	-1.654287	0.328219	0.013652	-0.000944	-0.944503	img__0_1588259382608138800.png
1588259382341	-6.465652	-8.137157	-1.671455	0.328069	0.030279	-0.048763	-0.942908	img__0_1588259382714636300.png
1588259382446	-6.446861	-8.055759	-1.670343	0.324820	0.059054	-0.131637	-0.934707	img__0_1588259382818333200.png
1588259382554	-6.411115	-7.989036	-1.648133	0.328751	0.035636	-0.064315	-0.941550	img__0_1588259382927796100.png
1588259382668	-6.361732	-7.929157	-1.603677	0.330465	0.020574	-0.021024	-0.943360	img__0_1588259383038770200.png
1588259382767	-6.313831	-7.879956	-1.550035	0.331088	0.014358	-0.003152	-0.943486	img__0_1588259383138710000.png
1588259382872	-6.259488	-7.827326	-1.511121	0.331473	0.011057	0.006342	-0.943379	img__0_1588259383243499300.png
1588259382977	-6.202147	-7.771460	-1.539721	0.331748	0.009411	0.011074	-0.943256	img__0_1588259383348167900.png
1588259383082	-6.143710	-7.710915	-1.611338	0.331500	-0.016658	0.093351	-0.938678	img__0_1588259383455316100.png
1588259383187	-6.092951	-7.636420	-1.667424	0.330668	-0.028586	0.131551	-0.934096	img__0_1588259383559512500.png
1588259383292	-6.053762	-7.543363	-1.703024	0.335001	-0.036608	0.052718	-0.940029	img__0_1588259383666231900.png
1588259383400	-6.024644	-7.440888	-1.720211	0.340235	-0.138944	-0.019115	-0.929822	img__0_1588259383770561200.png
1588259383511	-6.018353	-7.347380	-1.714849	0.341007	-0.205477	-0.061535	-0.915263	img__0_1588259383881728400.png
1588259383613	-6.041883	-7.283276	-1.685120	0.341076	-0.234405	-0.080862	-0.906743	img__0_1588259383984247600.png
1588259383718	-6.098504	-7.244027	-1.627226	0.347926	-0.165072	-0.059285	-0.920969	img__0_1588259384092013000.png
1588259383826	-6.182299	-7.225442	-1.543510	0.352631	-0.079748	-0.029380	-0.931895	img__0_1588259384197597300.png
1588259383934	-6.279253	-7.218301	-1.440663	0.353953	-0.038814	-0.015065	-0.934336	img__0_1588259384306816400.png
1588259384039	-6.379660	-7.216900	-1.324129	0.354444	-0.019383	-0.008283	-0.934840	img__0_1588259384412120800.png
1588259384144	-6.482984	-7.218334	-1.192146	0.354719	0.016638	0.005086	-0.934811	img__0_1588259384516219900.png
1588259384249	-6.583188	-7.217327	-1.045228	0.351850	0.126423	0.046616	-0.926308	img__0_1588259384623148300.png
1588259384354	-6.666057	-7.201296	-0.881506	0.352153	0.123756	0.045550	-0.926606	img__0_1588259384727642100.png
1588259384468	-6.735768	-7.166335	-0.685269	0.354837	0.049827	0.017425	-0.933437	img__0_1588259384840574500.png
1588259384570	-6.789558	-7.127829	-0.496387	0.355374	0.019529	0.005897	-0.934502	img__0_1588259384941665700.png
1588259384681	-6.844520	-7.083203	-0.277934	0.355402	0.005943	-0.021716	-0.934443	img__0_1588259385052395000.png
1588259384783	-6.849326	-7.079226	-0.257593	0.353573	0.000000	0.000000	-0.935407	img__0_1588259385154921300.png
1588259384885	-6.849122	-7.079566	-0.263198	0.353524	0.002837	-0.018228	-0.935244	img__0_1588259385258958600.png
1588259384993	-6.847075	-7.083105	-0.308171	0.353674	0.000249	-0.002908	-0.935364	img__0_1588259385365134000.png
1588259385098	-6.844657	-7.087400	-0.351675	0.353789	-0.001037	0.003669	-0.935318	img__0_1588259385468199100.png
1588259385200	-6.842662	-7.091106	-0.377210	0.353909	-0.001605	0.006719	-0.935255	img__0_1588259385573868800.png
1588259385305	-6.841285	-7.093926	-0.386394	0.354043	-0.001901	0.008295	-0.935191	img__0_1588259385678625800.png
1588259385413	-6.840753	-7.095498	-0.377784	0.354188	-0.002054	0.009096	-0.935128	img__0_1588259385786100800.png
1588259385518	-6.841178	-7.095600	-0.351900	0.354334	-0.002129	0.009477	-0.935069	img__0_1588259385890199200.png
1588259385620	-6.842521	-7.094294	-0.310333	0.354528	-0.003798	0.000697	-0.935037	img__0_1588259385994506700.png
1588259385725	-6.844121	-7.098676	-0.265471	0.352977	-0.033867	-0.141781	-0.924207	img__0_1588259386098876800.png
1588259385827	-6.840328	-7.143111	-0.262789	0.350511	-0.046277	-0.197311	-0.914368	img__0_1588259386199949700.png
1588259385932	-6.829667	-7.240167	-0.289215	0.355756	-0.030074	-0.103324	-0.928363	img__0_1588259386306062400.png
1588259386040	-6.815517	-7.377987	-0.367578	0.358911	-0.014989	-0.051145	-0.931849	img__0_1588259386412466200.png
1588259386145	-6.800654	-7.525499	-0.445680	0.360473	-0.007628	-0.026250	-0.932369	img__0_1588259386517292800.png
1588259386247	-6.785815	-7.673705	-0.504218	0.361407	-0.004083	-0.014133	-0.932292	img__0_1588259386620666000.png
1588259386349	-6.770773	-7.824432	-0.545986	0.362049	-0.002312	-0.008007	-0.932122	img__0_1588259386724012700.png
1588259386454	-6.755182	-7.981021	-0.571735	0.362533	-0.001409	-0.004848	-0.931957	img__0_1588259386827535500.png
1588259386556	-6.739987	-8.133932	-0.580132	0.362893	-0.000976	-0.003314	-0.931824	img__0_1588259386930277400.png
1588259386667	-6.723428	-8.300886	-0.570723	0.363207	-0.000748	-0.002492	-0.931705	img__0_1588259387040698400.png
1588259386784	-6.705966	-8.477295	-0.539939	0.363479	-0.000637	-0.002087	-0.931600	img__0_1588259387155215300.png
1588259386895	-6.689399	-8.644976	-0.491090	0.363703	-0.000588	-0.001908	-0.931513	img__0_1588259387268055900.png
1588259387000	-6.673745	-8.803838	-0.427497	0.363895	-0.000566	-0.001826	-0.931438	img__0_1588259387372458600.png
1588259387102	-6.658537	-8.958378	-0.349806	0.364068	-0.000555	-0.001786	-0.931370	img__0_1588259387475665300.png
1588259387204	-6.643345	-9.113123	-0.256750	0.364234	-0.000550	-0.001766	-0.931306	img__0_1588259387578127000.png
1588259387309	-6.636163	-9.186412	-0.204061	0.364112	-0.000550	-0.001858	-0.931353	img__0_1588259387682444900.png
1588259387417	-6.636677	-9.181428	-0.201976	0.363001	-0.000532	-0.002011	-0.931786	img__0_1588259387790111500.png
1588259387519	-6.637159	-9.176935	-0.200391	0.361434	-0.000516	-0.002102	-0.932395	img__0_1588259387892653600.png
1588259387624	-6.642134	-9.125479	-0.248306	0.360422	0.000000	0.000000	-0.932789	img__0_1588259387997341200.png
1588259387726	-6.642134	-9.125479	-0.248306	0.360422	0.000000	0.000000	-0.932789	img__0_1588259388100019700.png
1588259387831	-6.642134	-9.125479	-0.248306	0.360422	0.000000	0.000000	-0.932789	img__0_1588259388202271300.png
1588259387933	-6.642134	-9.125479	-0.248306	0.360422	0.000000	0.000000	-0.932789	img__0_1588259388305221700.png
1588259388035	-6.642134	-9.125479	-0.248306	0.360422	0.000000	0.000000	-0.932789	img__0_1588259388409044900.png
1588259388140	-6.642134	-9.125479	-0.248306	0.360422	0.000000	0.000000	-0.932789	img__0_1588259388513292600.png
1588259388242	-6.642134	-9.125479	-0.248306	0.360422	0.000000	0.000000	-0.932789	img__0_1588259388616453900.png
1588259388344	-6.642134	-9.125479	-0.248306	0.360422	0.000000	0.000000	-0.932789	img__0_1588259388717978800.png
1588259388449	-6.642134	-9.125479	-0.248306	0.360422	0.000000	0.000000	-0.932789	img__0_1588259388824334500.png
1588259388554	-6.642134	-9.125479	-0.248306	0.360422	0.000000	0.000000	-0.932789	img__0_1588259388926885300.png
1588259388665	-6.642134	-9.125479	-0.248306	0.360422	0.000000	0.000000	-0.932789	img__0_1588259389037419500.png
1588259388761	-6.642134	-9.125479	-0.248306	0.360422	0.000000	0.000000	-0.932789	img__0_1588259389134483600.png
1588259388863	-6.642134	-9.125479	-0.248306	0.360422	0.000000	0.000000	-0.932789	img__0_1588259389235827700.png
1588259388965	-6.642134	-9.125479	-0.248306	0.360422	0.000000	0.000000	-0.932789	img__0_1588259389338535000.png
1588259389070	-6.642134	-9.125479	-0.248306	0.360422	0.000000	0.000000	-0.932789	img__0_1588259389445160600.png
1588259389175	-6.642134	-9.125479	-0.248306	0.360422	0.000000	0.000000	-0.932789	img__0_1588259389547969100.png
1588259389280	-6.642134	-9.125479	-0.248306	0.360422	0.000000	0.000000	-0.932789	img__0_1588259389651805300.png
