TimeStamp	POS_X	POS_Y	POS_Z	Q_W	Q_X	Q_Y	Q_Z	ImageFile
1588190190492	0.000000	0.000000	-0.146496	1.000000	0.000000	0.000000	-0.000114	img__0_1588190193461168400.png
1588190190588	0.000000	0.000000	-0.146496	1.000000	0.000000	0.000000	-0.000114	img__0_1588190193558664400.png
1588190190687	0.000000	0.000000	-0.146496	1.000000	0.000000	0.000000	-0.000114	img__0_1588190193657706200.png
1588190190786	0.000000	0.000000	-0.146496	1.000000	0.000000	0.000000	-0.000114	img__0_1588190193756560800.png
1588190190888	0.000000	0.000000	-0.146496	1.000000	0.000000	0.000000	-0.000114	img__0_1588190193857898800.png
1588190190987	0.000000	0.000000	-0.146496	1.000000	0.000000	0.000000	-0.000114	img__0_1588190193957132800.png
1588190191086	0.000000	0.000000	-0.146496	1.000000	0.000000	0.000000	-0.000114	img__0_1588190194056243800.png
1588190191182	0.000000	0.000000	-0.146496	1.000000	0.000000	0.000000	-0.000114	img__0_1588190194153353400.png
1588190191278	0.000000	0.000000	-0.146496	1.000000	0.000000	0.000000	-0.000114	img__0_1588190194250696600.png
1588190191377	0.000020	-0.000007	-0.153065	0.999999	-0.000398	-0.001229	-0.000196	img__0_1588190194347974900.png
1588190191476	0.000377	-0.000128	-0.206494	0.999913	-0.001947	-0.013055	-0.000579	img__0_1588190194447679100.png
1588190191578	0.004838	-0.000857	-0.277948	0.992709	-0.020028	-0.118855	-0.001476	img__0_1588190194548897300.png
1588190191680	0.028031	-0.004779	-0.332443	0.989309	-0.025928	-0.143482	-0.002808	img__0_1588190194651364500.png
1588190191782	0.081126	-0.014084	-0.394950	0.995788	-0.012219	-0.090870	-0.000563	img__0_1588190194752825300.png
1588190191881	0.150880	-0.025641	-0.448866	0.994839	-0.005670	-0.101281	0.002106	img__0_1588190194852538000.png
1588190191983	0.244027	-0.038849	-0.519287	0.998609	-0.002503	-0.052108	0.007681	img__0_1588190194953641500.png
1588190192082	0.346619	-0.052159	-0.589119	0.993336	0.000208	-0.114484	0.013296	img__0_1588190195053912000.png
1588190192181	0.464570	-0.065278	-0.639866	0.995900	0.000867	-0.088848	0.016965	img__0_1588190195152706200.png
1588190192280	0.597192	-0.078010	-0.672190	0.998714	0.001040	-0.046945	0.019097	img__0_1588190195251159800.png
1588190192382	0.744665	-0.090999	-0.707048	0.994238	-0.017264	-0.104024	0.019301	img__0_1588190195352907900.png
1588190192478	0.903603	-0.105953	-0.753101	0.994397	-0.018606	-0.102290	0.019101	img__0_1588190195450102500.png
1588190192580	1.090087	-0.124725	-0.785109	0.998404	0.005897	-0.052654	0.019549	img__0_1588190195550880700.png
1588190192679	1.282230	-0.138048	-0.827146	0.995727	0.086234	-0.023350	0.023364	img__0_1588190195650397300.png
1588190192781	1.485192	-0.137411	-0.871860	0.998834	0.041668	-0.009890	0.022272	img__0_1588190195752160700.png
1588190192880	1.683519	-0.129016	-0.901105	0.995751	0.089181	-0.001714	0.022896	img__0_1588190195853301900.png
1588190192988	1.899624	-0.099220	-0.947096	0.996211	0.081777	0.001466	0.029577	img__0_1588190195955155400.png
1588190193084	2.090840	-0.058193	-0.974780	0.998044	0.052523	0.002654	0.033803	img__0_1588190196056233500.png
1588190193186	2.292696	-0.001915	-1.006918	0.996128	0.078302	0.004692	0.039692	img__0_1588190196157103900.png
1588190193285	2.487013	0.066150	-1.034165	0.998373	0.034487	0.003698	0.045252	img__0_1588190196257384800.png
1588190193387	2.685981	0.143090	-1.044452	0.994150	0.096309	0.007391	0.048329	img__0_1588190196357042600.png
1588190193486	2.876994	0.232217	-1.035753	0.993502	0.101798	0.007985	0.050261	img__0_1588190196458182500.png
1588190193588	3.071361	0.340822	-1.007201	0.997533	0.047226	0.005600	0.051644	img__0_1588190196560056400.png
1588190193693	3.269705	0.461335	-0.958567	0.997304	0.051497	0.006109	0.051916	img__0_1588190196663115200.png
1588190193795	3.460379	0.588676	-0.903105	0.994871	0.085417	0.007877	0.053603	img__0_1588190196765504800.png
1588190193894	3.642468	0.730248	-0.869299	0.997225	0.042209	0.005348	0.061099	img__0_1588190196867644300.png
1588190193996	3.828262	0.884568	-0.827076	0.997512	0.022183	0.002771	0.066866	img__0_1588190196967984300.png
1588190194095	4.008027	1.038473	-0.772260	0.995418	0.054283	-0.036664	0.069651	img__0_1588190197068517100.png
1588190194200	4.203128	1.210664	-0.720192	0.996953	0.024436	-0.014114	0.072728	img__0_1588190197171899100.png
1588190194296	4.383730	1.372787	-0.661382	0.997150	0.012285	-0.003695	0.074342	img__0_1588190197268583600.png
1588190194401	4.581509	1.552374	-0.593269	0.997066	0.005218	0.002186	0.076340	img__0_1588190197371557200.png
1588190194500	4.767219	1.722907	-0.551246	0.996737	0.001847	0.004952	0.080546	img__0_1588190197471733300.png
1588190194599	4.951832	1.893546	-0.498183	0.996473	0.000101	0.006377	0.083666	img__0_1588190197569365500.png
1588190194701	5.140124	2.069058	-0.472348	0.995514	-0.000803	0.007127	0.094341	img__0_1588190197673069200.png
1588190194797	5.315263	2.233711	-0.485896	0.993691	-0.001246	0.007480	0.111894	img__0_1588190197768311800.png
1588190194899	5.499666	2.408085	-0.498539	0.991933	-0.001577	0.007656	0.126524	img__0_1588190197868462500.png
1588190194998	5.677013	2.576689	-0.505313	0.990309	-0.001795	0.007732	0.138655	img__0_1588190197968969500.png
1588190195097	5.852268	2.744425	-0.539288	0.988054	-0.001946	0.007759	0.153901	img__0_1588190198070480400.png
1588190195199	6.031276	2.916528	-0.560405	0.986345	-0.002108	0.007753	0.164494	img__0_1588190198171449700.png
1588190195301	6.208598	3.088341	-0.563360	0.983850	0.050310	0.020075	0.170600	img__0_1588190198272365300.png
1588190195400	6.375652	3.262637	-0.548081	0.977968	0.112479	0.033359	0.172668	img__0_1588190198372974300.png
1588190195502	6.539822	3.457018	-0.513263	0.982838	0.052394	0.014970	0.176240	img__0_1588190198475786700.png
1588190195607	6.703227	3.667759	-0.477774	0.981261	0.052228	0.011348	0.185124	img__0_1588190198580910800.png
1588190195709	6.856499	3.884358	-0.460300	0.977264	0.051588	0.008687	0.205473	img__0_1588190198682237000.png
1588190195814	7.009924	4.117368	-0.435096	0.974701	0.022612	0.002499	0.222350	img__0_1588190198784777800.png
1588190195913	7.152905	4.340839	-0.400352	0.972404	0.009284	0.000003	0.233119	img__0_1588190198886053000.png
1588190196015	7.299338	4.573378	-0.404403	0.968904	0.002077	-0.001300	0.247424	img__0_1588190198986994700.png
1588190196117	7.445607	4.806403	-0.430859	0.965336	-0.001548	-0.001929	0.260999	img__0_1588190199091067000.png
1588190196222	7.596277	5.045842	-0.441723	0.962830	-0.003402	-0.002259	0.270078	img__0_1588190199191976200.png
1588190196324	7.742874	5.277707	-0.433886	0.961266	-0.004291	-0.002439	0.275578	img__0_1588190199297556000.png
1588190196426	7.889775	5.508707	-0.407970	0.960304	-0.004731	-0.002547	0.278903	img__0_1588190199399158800.png
1588190196528	8.037023	5.738772	-0.364103	0.959758	-0.004948	-0.002613	0.280774	img__0_1588190199500343500.png
1588190196627	8.180290	5.961147	-0.304555	0.959499	-0.005052	-0.002653	0.281656	img__0_1588190199601024500.png
1588190196729	8.328275	6.189292	-0.226000	0.959421	-0.005105	-0.002678	0.281917	img__0_1588190199701771700.png
1588190196828	8.343890	6.212714	-0.212836	0.959605	-0.004992	-0.002702	0.281295	img__0_1588190199802256700.png
1588190196933	8.344191	6.212532	-0.210302	0.960365	-0.004842	-0.002702	0.278690	img__0_1588190199905981600.png
1588190197032	8.340572	6.206427	-0.210694	0.961383	-0.004770	-0.002694	0.275160	img__0_1588190200003270800.png
1588190197131	8.333783	6.195635	-0.213597	0.962499	-0.004713	-0.002672	0.271232	img__0_1588190200104562100.png
1588190197233	8.334103	6.195487	-0.211183	0.963669	-0.004734	-0.002650	0.267043	img__0_1588190200205262300.png
1588190197332	8.328199	6.186186	-0.213988	0.964771	-0.004719	-0.002618	0.263036	img__0_1588190200305057100.png
1588190197434	8.328510	6.186016	-0.211567	0.965851	-0.004757	-0.002590	0.259040	img__0_1588190200405502300.png
1588190197533	8.325997	6.181768	-0.211821	0.966839	-0.004770	-0.002559	0.255329	img__0_1588190200505659600.png
1588190197635	8.323664	6.177807	-0.211872	0.967789	-0.004791	-0.002528	0.251705	img__0_1588190200606795800.png
1588190197740	8.326118	6.180558	-0.206755	0.968702	-0.004860	-0.002510	0.248167	img__0_1588190200708604000.png
1588190197836	8.317301	6.167717	-0.214619	0.969473	-0.004804	-0.002464	0.245140	img__0_1588190200807428900.png
1588190197935	8.315546	6.164759	-0.214841	0.970220	-0.004817	-0.002436	0.242165	img__0_1588190200908694700.png
1588190198040	8.289129	6.129046	-0.247887	0.970664	0.000000	0.000000	0.240439	img__0_1588190201010606600.png
1588190198139	8.289129	6.129046	-0.247887	0.970664	0.000000	0.000000	0.240439	img__0_1588190201110812000.png
1588190198241	8.289129	6.129046	-0.247887	0.970664	0.000000	0.000000	0.240439	img__0_1588190201211551400.png
