TimeStamp	POS_X	POS_Y	POS_Z	Q_W	Q_X	Q_Y	Q_Z	ImageFile
1588187592733	0.000000	0.000000	-0.146496	1.000000	0.000000	0.000000	-0.000107	img__0_1588187595065090700.png
1588187592826	0.000000	0.000000	-0.146496	1.000000	0.000000	0.000000	-0.000107	img__0_1588187595159997800.png
1588187592925	0.000000	0.000000	-0.146496	1.000000	0.000000	0.000000	-0.000107	img__0_1588187595255870500.png
1588187593018	0.000000	0.000000	-0.146496	1.000000	0.000000	0.000000	-0.000107	img__0_1588187595350947100.png
1588187593114	0.000013	0.000006	-0.147579	0.999999	0.000485	-0.001197	-0.000182	img__0_1588187595446502200.png
1588187593216	0.000271	0.000116	-0.159377	0.999997	0.000962	-0.002303	-0.000577	img__0_1588187595546937500.png
1588187593309	0.000909	0.000383	-0.173007	0.999995	0.001174	-0.002827	-0.001149	img__0_1588187595642666900.png
1588187593411	0.002270	0.000872	-0.175267	0.998853	0.001219	-0.047826	-0.001987	img__0_1588187595740327900.png
1588187593501	0.009987	0.001459	-0.162425	0.988770	0.001052	-0.149416	-0.002885	img__0_1588187595834117100.png
1588187593600	0.022620	0.001243	-0.206265	0.991864	0.001167	-0.127245	-0.003704	img__0_1588187595933052200.png
1588187593699	0.077489	0.001803	-0.242508	0.997407	0.001331	-0.071812	-0.004556	img__0_1588187596031974000.png
1588187593798	0.147318	0.002522	-0.270144	0.991484	0.000942	-0.130106	-0.005602	img__0_1588187596129814900.png
1588187593894	0.234634	0.003298	-0.293253	0.996621	0.001177	-0.081867	-0.006537	img__0_1588187596227451800.png
1588187593993	0.345613	0.004237	-0.340620	0.999029	0.001341	-0.043383	-0.007526	img__0_1588187596323518000.png
1588187594092	0.464478	0.005341	-0.375661	0.999567	0.001366	-0.028111	-0.008556	img__0_1588187596423355000.png
1588187594185	0.580334	0.006560	-0.399248	0.999841	0.001414	-0.015012	-0.009536	img__0_1588187596518711200.png
1588187594281	0.702591	0.008040	-0.422244	0.999908	0.001426	-0.008438	-0.010564	img__0_1588187596615191600.png
1588187594380	0.830192	0.009813	-0.442866	0.999919	0.001427	-0.004883	-0.011634	img__0_1588187596711920400.png
1588187594479	0.958529	0.011811	-0.448801	0.999914	0.001425	-0.003066	-0.012711	img__0_1588187596811096600.png
1588187594575	1.083359	0.013960	-0.438254	0.999902	0.001421	-0.002155	-0.013759	img__0_1588187596909068100.png
1588187594674	1.212331	0.016397	-0.410716	0.999887	0.001418	-0.001670	-0.014842	img__0_1588187597005390700.png
1588187594770	1.337563	0.018983	-0.371456	0.999872	0.001416	-0.001427	-0.015895	img__0_1588187597101936600.png
1588187594869	1.466854	0.021893	-0.322190	0.999854	0.001414	-0.001299	-0.016981	img__0_1588187597202322000.png
1588187594968	1.596286	0.025068	-0.270714	0.999835	0.001412	-0.001233	-0.018068	img__0_1588187597299806300.png
1588187595064	1.721954	0.028439	-0.232986	0.999815	0.001410	-0.001201	-0.019122	img__0_1588187597395789500.png
1588187595160	1.847828	0.032162	-0.230109	0.999795	0.001409	-0.001185	-0.020177	img__0_1588187597492259200.png
1588187595256	1.973914	0.036248	-0.266574	0.999773	0.001408	-0.001178	-0.021232	img__0_1588187597588534000.png
1588187595355	2.104160	0.040841	-0.345024	0.999749	0.001406	-0.001174	-0.022320	img__0_1588187597685143900.png
1588187595448	2.226713	0.045503	-0.455750	0.999726	0.001405	-0.001173	-0.023342	img__0_1588187597780210000.png
1588187595544	2.353420	0.050665	-0.606392	0.999701	0.001404	-0.001173	-0.024398	img__0_1588187597877092900.png
1588187595640	2.480312	0.056158	-0.785569	0.999674	0.001403	-0.001174	-0.025453	img__0_1588187597972818000.png
1588187595736	2.607325	0.062163	-0.961716	0.998270	0.052465	-0.002514	-0.026414	img__0_1588187598069290100.png
1588187595832	2.734799	0.075751	-1.118040	0.989998	0.138358	-0.004769	-0.027155	img__0_1588187598164826900.png
1588187595931	2.867243	0.107060	-1.257511	0.997037	0.071384	-0.002912	-0.028507	img__0_1588187598264146400.png
1588187596027	2.996328	0.148519	-1.373236	0.998813	0.038583	-0.002053	-0.029652	img__0_1588187598360681800.png
1588187596126	3.129840	0.197409	-1.473786	0.999311	0.020694	-0.001608	-0.030777	img__0_1588187598459196900.png
1588187596225	3.263600	0.249665	-1.555999	0.999317	0.018656	-0.001622	-0.031870	img__0_1588187598555873400.png
1588187596321	3.393574	0.303775	-1.618666	0.994549	0.098922	-0.004271	-0.032691	img__0_1588187598653695100.png
1588187596417	3.524445	0.370761	-1.663651	0.995181	0.091962	-0.003999	-0.033778	img__0_1588187598749530300.png
1588187596516	3.660439	0.454663	-1.691521	0.998173	0.049170	-0.002609	-0.035017	img__0_1588187598846300100.png
1588187596609	3.788744	0.540991	-1.701612	0.998973	0.027335	-0.001928	-0.036094	img__0_1588187598942524700.png
1588187596708	3.925671	0.637152	-1.695658	0.999078	0.021380	-0.001799	-0.037195	img__0_1588187599040310900.png
1588187596804	4.058782	0.734220	-1.673595	0.994150	0.100996	-0.004863	-0.037987	img__0_1588187599136466000.png
1588187596900	4.193023	0.845393	-1.635590	0.992276	0.117649	-0.005470	-0.038960	img__0_1588187599232260500.png
1588187596996	4.328874	0.976409	-1.593200	0.997278	0.061673	-0.003328	-0.040273	img__0_1588187599328657200.png
1588187597092	4.465846	1.120511	-1.558995	0.994847	0.092512	-0.004720	-0.041211	img__0_1588187599425288500.png
1588187597188	4.604322	1.281825	-1.533650	0.995438	0.085401	-0.004454	-0.042310	img__0_1588187599521844000.png
1588187597287	4.748770	1.466635	-1.519014	0.998061	0.044382	-0.002804	-0.043557	img__0_1588187599620331600.png
1588187597383	4.889784	1.655723	-1.519624	0.998703	0.024377	-0.002030	-0.044666	img__0_1588187599716007900.png
1588187597479	5.031404	1.850491	-1.535034	0.997109	0.060648	-0.003761	-0.045618	img__0_1588187599812496900.png
1588187597578	5.178793	2.064650	-1.569212	0.996923	0.062842	-0.003870	-0.046702	img__0_1588187599910415900.png
1588187597677	5.327904	2.295588	-1.642122	0.998325	0.032367	-0.002503	-0.047892	img__0_1588187600008294700.png
1588187597770	5.469197	2.520404	-1.740605	0.997156	-0.003251	-0.056037	-0.050299	img__0_1588187600104509600.png
1588187597866	5.621222	2.752518	-1.836852	0.997901	-0.005816	-0.038001	-0.052122	img__0_1588187600198402400.png
1588187597959	5.774142	2.975777	-1.914465	0.998333	-0.002643	-0.021609	-0.053459	img__0_1588187600293462400.png
1588187598058	5.940128	3.212405	-1.979635	0.998431	-0.000709	-0.011598	-0.054770	img__0_1588187600387477200.png
1588187598148	6.092557	3.426938	-2.023620	0.998413	0.000254	-0.006875	-0.055899	img__0_1588187600481101700.png
1588187598244	6.256004	3.655349	-2.054757	0.998362	0.000781	-0.004175	-0.057058	img__0_1588187600576819500.png
1588187598337	6.414807	3.876303	-2.069529	0.998303	0.001053	-0.002797	-0.058149	img__0_1588187600669804600.png
1588187598430	6.574034	4.096820	-2.069312	0.996755	-0.033189	-0.043148	-0.059296	img__0_1588187600763104900.png
1588187598526	6.576217	4.084128	-2.055062	0.987607	-0.091939	-0.112191	-0.059938	img__0_1588187600858560400.png
1588187598625	6.528423	3.946654	-2.046588	0.994296	-0.058230	-0.065956	-0.060288	img__0_1588187600956847400.png
1588187598718	6.581415	3.933464	-1.980754	0.997046	-0.030591	-0.036120	-0.060482	img__0_1588187601049277300.png
1588187598811	6.639431	3.915414	-1.900100	0.997817	-0.015866	-0.019822	-0.060964	img__0_1588187601144049500.png
1588187598904	6.700212	3.894826	-1.805227	0.998007	-0.007878	-0.011153	-0.061615	img__0_1588187601238312800.png
1588187598997	6.762552	3.872954	-1.696587	0.998025	-0.003608	-0.006524	-0.062383	img__0_1588187601331902900.png
1588187599093	6.827852	3.850026	-1.570865	0.996925	0.046663	0.001268	-0.062941	img__0_1588187601427147600.png
1588187599186	6.891301	3.837867	-1.452352	0.986584	0.149851	0.014833	-0.063069	img__0_1588187601520967900.png
1588187599282	6.955783	3.858550	-1.358189	0.991184	0.115012	0.010878	-0.064873	img__0_1588187601615566300.png
1588187599381	7.021547	3.904484	-1.262686	0.995856	0.061553	0.005216	-0.066749	img__0_1588187601714236600.png
1588187599477	7.085017	3.959182	-1.154961	0.996581	0.035227	0.033236	-0.066935	img__0_1588187601811705100.png
1588187599573	7.142345	4.020024	-1.033540	0.986479	0.027642	0.148758	-0.062974	img__0_1588187601905214200.png
1588187599666	7.176214	4.084766	-0.906919	0.989154	0.018443	0.131544	-0.062696	img__0_1588187601999184600.png
1588187599759	7.189733	4.153669	-0.767968	0.995489	0.010345	0.069143	-0.064140	img__0_1588187602091456600.png
1588187599852	7.192796	4.224783	-0.615958	0.997263	0.005974	0.034122	-0.065319	img__0_1588187602186874300.png
1588187599948	7.190517	4.299461	-0.446430	0.997671	0.003610	0.015078	-0.066428	img__0_1588187602280667300.png
1588187600041	7.185807	4.372529	-0.276257	0.997704	0.002408	0.005341	-0.067468	img__0_1588187602374442000.png
1588187600134	7.185100	4.381466	-0.259640	0.997678	0.000153	-0.000639	-0.068112	img__0_1588187602469173300.png
1588187600230	7.185435	4.381424	-0.293228	0.997429	0.001361	-0.021490	-0.068351	img__0_1588187602563647100.png
1588187600323	7.190539	4.381618	-0.350287	0.996247	0.015744	-0.050994	-0.068146	img__0_1588187602657294800.png
1588187600422	7.204123	4.383395	-0.407357	0.997291	0.008118	-0.024692	-0.068818	img__0_1588187602755746900.png
1588187600518	7.221391	4.386117	-0.446456	0.997475	0.004843	-0.013645	-0.069529	img__0_1588187602852197300.png
1588187600614	7.240841	4.389450	-0.470075	0.997488	0.003237	-0.007713	-0.070336	img__0_1588187602949436500.png
1588187600713	7.262578	4.393453	-0.505281	0.997446	0.002323	-0.004555	-0.071247	img__0_1588187603044289700.png
1588187600806	7.283961	4.397607	-0.545613	0.997387	0.001875	-0.003008	-0.072155	img__0_1588187603138598300.png
1588187600899	7.305803	4.401999	-0.572137	0.997318	0.003076	-0.002289	-0.073093	img__0_1588187603232378000.png
1588187600992	7.328102	4.407484	-0.583624	0.993952	0.081085	-0.007613	-0.073669	img__0_1588187603325381000.png
1588187601085	7.352230	4.423725	-0.578989	0.982182	0.172334	-0.014125	-0.073626	img__0_1588187603418022700.png
1588187601181	7.380832	4.463817	-0.554585	0.988556	0.130340	-0.010796	-0.075175	img__0_1588187603515231600.png
1588187601277	7.412636	4.524012	-0.511347	0.994749	0.067424	-0.006043	-0.076758	img__0_1588187603611586200.png
1588187601376	7.447255	4.597010	-0.449339	0.996426	0.032214	-0.003424	-0.078009	img__0_1588187603711181900.png
1588187601466	7.479605	4.668157	-0.379830	0.996756	0.015010	-0.002165	-0.079041	img__0_1588187603801686800.png
1588187601562	7.514688	4.746634	-0.304409	0.996772	0.005198	-0.001457	-0.080109	img__0_1588187603896479300.png
1588187601655	7.549028	4.823665	-0.237113	0.996659	0.009315	-0.001842	-0.081119	img__0_1588187603989101700.png
1588187601751	7.558291	4.846998	-0.224798	0.991314	0.102711	-0.009344	-0.081603	img__0_1588187604085793000.png
1588187601850	7.560040	4.857037	-0.280445	0.992031	0.094677	-0.008730	-0.082671	img__0_1588187604183191700.png
1588187601946	7.582668	4.928247	-0.309847	0.995090	0.052127	-0.005264	-0.083968	img__0_1588187604278872200.png
1588187602039	7.606434	5.007175	-0.343147	0.995958	0.028687	-0.003381	-0.085051	img__0_1588187604374035000.png
1588187602135	7.632096	5.094200	-0.383372	0.996159	0.015726	-0.002357	-0.086112	img__0_1588187604469293500.png
1588187602228	7.657676	5.181544	-0.430948	0.996154	0.009088	-0.001841	-0.087125	img__0_1588187604562235500.png
1588187602321	7.683740	5.270537	-0.484407	0.996092	0.005500	-0.001568	-0.088137	img__0_1588187604655410500.png
1588187602417	7.710954	5.363206	-0.527948	0.996008	0.003527	-0.001421	-0.089182	img__0_1588187604752017400.png
1588187602510	7.737554	5.453418	-0.554733	0.995920	0.002509	-0.001347	-0.090195	img__0_1588187604845482400.png
1588187602606	7.765230	5.546831	-0.566523	0.995826	0.001947	-0.001307	-0.091242	img__0_1588187604941261700.png
1588187602699	7.792239	5.637527	-0.562631	0.995733	0.001657	-0.001288	-0.092258	img__0_1588187605034866500.png
1588187602795	7.820318	5.731311	-0.542835	0.995635	0.001497	-0.001278	-0.093307	img__0_1588187605129280700.png
1588187602891	7.848594	5.825235	-0.507091	0.995537	0.001412	-0.001274	-0.094357	img__0_1588187605224731000.png
1588187602987	7.876957	5.918930	-0.455571	0.994528	-0.041071	0.010873	-0.095445	img__0_1588187605320165100.png
1588187603077	7.900872	6.000604	-0.392982	0.984695	-0.132867	0.058807	-0.096244	img__0_1588187605412433900.png
1588187603173	7.917495	6.071488	-0.309854	0.991178	-0.082744	0.035870	-0.097128	img__0_1588187605505854600.png
1588187603266	7.910534	6.039217	-0.351764	0.995030	0.000000	0.000000	-0.099576	img__0_1588187605601043400.png
1588187603362	7.910534	6.039217	-0.351764	0.995030	0.000000	0.000000	-0.099576	img__0_1588187605695716200.png
1588187603458	7.910534	6.039217	-0.351764	0.995030	0.000000	0.000000	-0.099576	img__0_1588187605792416500.png
1588187603548	7.910534	6.039217	-0.351764	0.995030	0.000000	0.000000	-0.099576	img__0_1588187605884388300.png
1588187603644	7.910534	6.039217	-0.351764	0.995030	0.000000	0.000000	-0.099576	img__0_1588187605977769400.png
1588187603734	7.910534	6.039217	-0.351764	0.995030	0.000000	0.000000	-0.099576	img__0_1588187606070395400.png
1588187603827	7.910534	6.039217	-0.351764	0.995030	0.000000	0.000000	-0.099576	img__0_1588187606163197200.png
1588187603920	7.910534	6.039217	-0.351764	0.995030	0.000000	0.000000	-0.099576	img__0_1588187606255084600.png
1588187604013	7.910534	6.039217	-0.351764	0.995030	0.000000	0.000000	-0.099576	img__0_1588187606347916100.png
1588187604106	7.910534	6.039217	-0.351764	0.995030	0.000000	0.000000	-0.099576	img__0_1588187606441353800.png
1588187604199	7.910534	6.039217	-0.351764	0.995030	0.000000	0.000000	-0.099576	img__0_1588187606534055100.png
1588187604292	7.910534	6.039217	-0.351764	0.995030	0.000000	0.000000	-0.099576	img__0_1588187606627422600.png
1588187604388	7.910534	6.039217	-0.351764	0.995030	0.000000	0.000000	-0.099576	img__0_1588187606721657500.png
1588187604487	7.910534	6.039217	-0.351764	0.995030	0.000000	0.000000	-0.099576	img__0_1588187606820492300.png
1588187604580	7.910534	6.039217	-0.351764	0.995030	0.000000	0.000000	-0.099576	img__0_1588187606914126500.png
1588187604673	7.910534	6.039217	-0.351764	0.995030	0.000000	0.000000	-0.099576	img__0_1588187607005724800.png
1588187604766	7.910534	6.039217	-0.351764	0.995030	0.000000	0.000000	-0.099576	img__0_1588187607101958700.png
1588187604856	7.910534	6.039217	-0.351764	0.995030	0.000000	0.000000	-0.099576	img__0_1588187607191320700.png
