TimeStamp	POS_X	POS_Y	POS_Z	Q_W	Q_X	Q_Y	Q_Z	ImageFile
1588158797478	0.000000	0.000000	-0.146496	1.000000	0.000000	0.000000	-0.000131	img__0_1588158797816064300.png
1588158797574	0.000000	0.000000	-0.146496	1.000000	0.000000	0.000000	-0.000131	img__0_1588158797915599400.png
1588158797676	0.000000	0.000000	-0.146496	1.000000	0.000000	0.000000	-0.000131	img__0_1588158798016618800.png
1588158797775	0.000000	0.000000	-0.146496	1.000000	0.000000	0.000000	-0.000131	img__0_1588158798115435200.png
1588158797880	0.000000	0.000000	-0.146496	1.000000	0.000000	0.000000	-0.000131	img__0_1588158798218061100.png
1588158797988	0.000000	0.000000	-0.146496	1.000000	0.000000	0.000000	-0.000131	img__0_1588158798326772500.png
1588158798090	0.000000	0.000000	-0.146496	1.000000	0.000000	0.000000	-0.000131	img__0_1588158798429557600.png
1588158798192	0.000000	0.000000	-0.146496	1.000000	0.000000	0.000000	-0.000131	img__0_1588158798530989300.png
1588158798294	0.000000	0.000000	-0.146496	1.000000	0.000000	0.000000	-0.000131	img__0_1588158798633251300.png
1588158798396	0.000000	0.000000	-0.146496	1.000000	0.000000	0.000000	-0.000131	img__0_1588158798736952700.png
1588158798498	0.000000	0.000000	-0.146496	1.000000	0.000000	0.000000	-0.000131	img__0_1588158798838657000.png
1588158798603	0.000000	0.000000	-0.146496	1.000000	0.000000	0.000000	-0.000131	img__0_1588158798941121500.png
1588158798705	0.000000	0.000000	-0.146496	1.000000	0.000000	0.000000	-0.000131	img__0_1588158799043008800.png
1588158798804	0.000000	-0.000000	-0.146543	1.000000	-0.000278	-0.000078	-0.000137	img__0_1588158799144622500.png
1588158798906	0.000036	-0.000112	-0.153026	0.999998	-0.001899	-0.000637	-0.000392	img__0_1588158799245933200.png
1588158799008	0.000217	-0.000663	-0.177777	0.999996	-0.002660	-0.000887	-0.000934	img__0_1588158799345970800.png
1588158799110	0.000781	-0.001846	-0.221444	0.999839	-0.003060	-0.017595	-0.001619	img__0_1588158799449121900.png
1588158799212	0.005603	-0.003724	-0.276476	0.996501	-0.003357	-0.083488	-0.002277	img__0_1588158799552861400.png
1588158799314	0.023162	-0.006209	-0.315508	0.997731	-0.003359	-0.067164	-0.003290	img__0_1588158799654648200.png
1588158799416	0.052543	-0.009295	-0.335475	0.999384	-0.003345	-0.034644	-0.004411	img__0_1588158799755459000.png
1588158799518	0.088399	-0.012987	-0.339382	0.998199	-0.003580	-0.059649	-0.005370	img__0_1588158799856393500.png
1588158799617	0.137381	-0.017432	-0.353530	0.994342	-0.003829	-0.105975	-0.006240	img__0_1588158799957523100.png
1588158799719	0.209941	-0.022990	-0.376575	0.998312	-0.003561	-0.057484	-0.007514	img__0_1588158800059192700.png
1588158799821	0.293106	-0.029253	-0.384820	0.999250	-0.003522	-0.037577	-0.008686	img__0_1588158800161986600.png
1588158799923	0.386195	-0.036421	-0.404990	0.995432	-0.004128	-0.094906	-0.009577	img__0_1588158800263167500.png
1588158800025	0.501718	-0.044885	-0.456171	0.997608	-0.003869	-0.068163	-0.010802	img__0_1588158800365023200.png
1588158800127	0.633585	-0.054429	-0.520411	0.999307	-0.003601	-0.035041	-0.012046	img__0_1588158800468365500.png
1588158800232	0.781167	-0.065587	-0.644901	0.999748	-0.003492	-0.017803	-0.013258	img__0_1588158800571969100.png
1588158800337	0.934621	-0.077921	-0.818290	0.999846	-0.003452	-0.009313	-0.014439	img__0_1588158800675433100.png
1588158800436	1.081907	-0.090531	-1.019635	0.999859	-0.003441	-0.005306	-0.015539	img__0_1588158800777833300.png
1588158800541	1.239063	-0.104579	-1.224255	0.999850	-0.003439	-0.003165	-0.016699	img__0_1588158800880436900.png
1588158800640	1.388089	-0.118028	-1.395286	0.996451	0.046754	-0.067941	-0.016846	img__0_1588158800982495600.png
1588158800742	1.551309	-0.124408	-1.548432	0.993039	0.084445	-0.081001	-0.013453	img__0_1588158801083459600.png
1588158800847	1.733188	-0.117465	-1.681323	0.998128	0.042947	-0.041481	-0.013256	img__0_1588158801186642900.png
1588158800952	1.922532	-0.102862	-1.791741	0.999454	0.021827	-0.020965	-0.013266	img__0_1588158801290917600.png
1588158801054	2.110034	-0.084846	-1.878904	0.999777	0.011749	-0.011102	-0.013601	img__0_1588158801394342000.png
1588158801159	2.304890	-0.063304	-1.948832	0.996126	0.086605	-0.007131	-0.013481	img__0_1588158801499338400.png
1588158801261	2.495394	-0.028075	-1.996328	0.986313	0.164237	-0.005728	-0.013453	img__0_1588158801600894200.png
1588158801363	2.686967	0.032791	-2.021413	0.994032	0.108059	-0.003701	-0.014462	img__0_1588158801703655700.png
1588158801468	2.884904	0.115339	-2.029850	0.995415	0.094342	-0.002968	-0.015489	img__0_1588158801806787000.png
1588158801570	3.078022	0.219031	-2.049937	0.986292	0.164472	-0.003184	-0.012929	img__0_1588158801910353400.png
1588158801672	3.272073	0.357066	-2.081524	0.995387	0.095906	-0.002557	-0.000819	img__0_1588158802013209100.png
1588158801777	3.472148	0.519375	-2.104471	0.998799	0.047706	-0.001271	0.011086	img__0_1588158802117169900.png
1588158801879	3.666400	0.685541	-2.107827	0.999249	0.034065	0.000019	0.018483	img__0_1588158802220375500.png
1588158801984	3.865947	0.863667	-2.092460	0.992227	0.122244	0.002855	0.023099	img__0_1588158802322812600.png
1588158802086	4.058595	1.056631	-2.062459	0.992316	0.120527	0.002996	0.027820	img__0_1588158802428405100.png
1588158802191	4.255448	1.277888	-2.019087	0.997585	0.059692	0.001633	0.035466	img__0_1588158802532582600.png
1588158802293	4.445750	1.503337	-1.958615	0.998720	0.030644	0.001373	0.040207	img__0_1588158802635204000.png
1588158802401	4.646481	1.747550	-1.875124	0.998947	0.015651	0.001382	0.043113	img__0_1588158802737558900.png
1588158802500	4.829880	1.973900	-1.781811	0.998337	0.036599	0.002661	0.044459	img__0_1588158802840836100.png
1588158802602	5.017667	2.214648	-1.690058	0.997282	0.058207	0.003812	0.045004	img__0_1588158802943894500.png
1588158802704	5.203581	2.469559	-1.628085	0.998533	0.029782	0.002649	0.045152	img__0_1588158803046699700.png
1588158802809	5.394377	2.737069	-1.549725	0.996823	-0.024325	-0.062294	0.043264	img__0_1588158803148168500.png
1588158802908	5.583560	2.986268	-1.459258	0.992410	-0.050656	-0.104460	0.040555	img__0_1588158803250558200.png
1588158803010	5.795618	3.235243	-1.353712	0.997678	-0.023318	-0.050710	0.039039	img__0_1588158803352594700.png
1588158803118	6.030000	3.494231	-1.224067	0.998934	-0.010452	-0.025188	0.037257	img__0_1588158803460045800.png
1588158803220	6.255835	3.736602	-1.084900	0.999265	-0.004576	-0.013197	0.035706	img__0_1588158803559404600.png
1588158803322	6.483751	3.977820	-0.930322	0.999080	-0.009028	-0.024194	0.034242	img__0_1588158803664702300.png
1588158803424	6.717209	4.216799	-0.764812	0.992822	-0.037616	-0.108755	0.032600	img__0_1588158803765493700.png
1588158803526	6.967917	4.449788	-0.597164	0.997616	-0.020275	-0.057501	0.032338	img__0_1588158803867806800.png
1588158803634	7.244756	4.692389	-0.404443	0.999043	-0.008960	-0.028594	0.031854	img__0_1588158803972019200.png
1588158803733	7.503417	4.912901	-0.213834	0.999392	-0.003949	-0.015188	0.031129	img__0_1588158804072872300.png
1588158803832	7.544463	4.946761	-0.180801	0.999522	-0.001282	-0.008428	0.029728	img__0_1588158804173094400.png
1588158803934	7.543712	4.945799	-0.181021	0.999641	0.000298	-0.004803	0.026346	img__0_1588158804277043900.png
1588158804039	7.559327	4.958712	-0.168074	0.999762	0.001058	-0.002867	0.021587	img__0_1588158804379839700.png
1588158804138	7.534356	4.938087	-0.179558	0.999817	0.001194	-0.002123	0.018974	img__0_1588158804480615800.png
1588158804240	7.528685	4.933426	-0.175912	0.999825	0.003413	-0.001618	0.018350	img__0_1588158804580375400.png
1588158804339	7.455285	4.871864	-0.249249	0.999832	0.000000	0.000000	0.018314	img__0_1588158804680721100.png
1588158804438	7.455285	4.871864	-0.249249	0.999832	0.000000	0.000000	0.018314	img__0_1588158804780176400.png
1588158804537	7.455285	4.871864	-0.249249	0.999832	0.000000	0.000000	0.018314	img__0_1588158804879396800.png
1588158804639	7.455285	4.871864	-0.249249	0.999832	0.000000	0.000000	0.018314	img__0_1588158804980539300.png
1588158804738	7.455285	4.871864	-0.249249	0.999832	0.000000	0.000000	0.018314	img__0_1588158805079766600.png
1588158804837	7.455285	4.871864	-0.249249	0.999832	0.000000	0.000000	0.018314	img__0_1588158805179652900.png
1588158804939	7.455285	4.871864	-0.249249	0.999832	0.000000	0.000000	0.018314	img__0_1588158805280152100.png
1588158805038	7.455291	4.871848	-0.255719	0.999781	-0.001201	-0.000426	0.020883	img__0_1588158805380753100.png
1588158805140	7.455408	4.871533	-0.297549	0.999353	-0.002296	-0.000806	0.035886	img__0_1588158805481063200.png
1588158805242	7.455720	4.870719	-0.353158	0.998503	-0.002837	-0.001014	0.054612	img__0_1588158805581214700.png
1588158805341	7.456210	4.869487	-0.390765	0.997766	-0.003095	-0.001149	0.066727	img__0_1588158805684015700.png
1588158805446	7.456961	4.867667	-0.411868	0.997174	0.004947	-0.000636	0.074965	img__0_1588158805786771100.png
1588158805545	7.457616	4.867343	-0.414215	0.992587	0.091654	0.006058	0.079590	img__0_1588158805887869800.png
1588158805650	7.456039	4.882357	-0.396403	0.982896	0.164452	0.011836	0.082040	img__0_1588158805988277100.png
1588158805749	7.450782	4.920786	-0.358447	0.991583	0.098043	0.006451	0.084319	img__0_1588158806090885000.png
1588158805854	7.442612	4.978622	-0.297885	0.995172	0.048403	0.002554	0.085348	img__0_1588158806194895000.png
1588158805956	7.433443	5.043569	-0.220688	0.996012	0.025395	0.000801	0.085527	img__0_1588158806296616900.png
1588158806058	7.439808	4.998437	-0.275198	0.996338	0.000000	0.000000	0.085502	img__0_1588158806398497100.png
1588158806157	7.439808	4.998437	-0.275198	0.996338	0.000000	0.000000	0.085502	img__0_1588158806499973100.png
1588158806259	7.439808	4.998437	-0.275198	0.996338	0.000000	0.000000	0.085502	img__0_1588158806600768200.png
1588158806364	7.439808	4.998437	-0.275878	0.996339	0.000166	-0.000092	0.085494	img__0_1588158806705484900.png
1588158806466	7.439781	4.998879	-0.304533	0.995531	0.036369	-0.000597	0.087145	img__0_1588158806806230400.png
1588158806571	7.439232	5.011365	-0.366784	0.989935	0.105001	-0.010488	0.094305	img__0_1588158806914326400.png
1588158806673	7.438614	5.045787	-0.444034	0.992859	0.050709	-0.006451	0.107784	img__0_1588158807014570600.png
1588158806778	7.438145	5.091462	-0.508640	0.992694	0.026031	-0.003991	0.117749	img__0_1588158807120505900.png
1588158806883	7.437835	5.142064	-0.553580	0.992193	0.013725	-0.002539	0.123931	img__0_1588158807222689700.png
1588158806985	7.437683	5.193815	-0.582738	0.991801	0.007716	-0.001777	0.127550	img__0_1588158807327255200.png
1588158807087	7.437669	5.246979	-0.595810	0.991554	0.004677	-0.001372	0.129605	img__0_1588158807430360700.png
1588158807192	7.437790	5.302559	-0.590329	0.991425	0.003109	-0.001157	0.130632	img__0_1588158807533134600.png
1588158807294	7.438039	5.357102	-0.566648	0.991389	0.002347	-0.001052	0.130924	img__0_1588158807635699900.png
1588158807399	7.438323	5.413642	-0.523495	0.991125	-0.001337	0.023937	0.130754	img__0_1588158807738893300.png
1588158807501	7.433543	5.467512	-0.463223	0.982251	-0.016181	0.134921	0.129295	img__0_1588158807842105000.png
1588158807603	7.408112	5.516102	-0.382379	0.969649	-0.026200	0.207200	0.127135	img__0_1588158807946923600.png
1588158807708	7.348301	5.557288	-0.273952	0.979157	-0.020762	0.156521	0.127760	img__0_1588158808048174000.png
1588158807807	7.400454	5.523850	-0.365663	0.991615	0.000000	0.000000	0.129228	img__0_1588158808150267300.png
1588158807909	7.400454	5.523850	-0.365663	0.991615	0.000000	0.000000	0.129228	img__0_1588158808252128100.png
1588158808017	7.400454	5.523850	-0.365663	0.991615	0.000000	0.000000	0.129228	img__0_1588158808356701900.png
1588158808119	7.400454	5.523850	-0.365663	0.991615	0.000000	0.000000	0.129228	img__0_1588158808461094400.png
1588158808221	7.400454	5.523850	-0.365663	0.991615	0.000000	0.000000	0.129228	img__0_1588158808564296100.png
1588158808323	7.400454	5.523850	-0.365663	0.991615	0.000000	0.000000	0.129228	img__0_1588158808666719000.png
1588158808428	7.400454	5.523850	-0.365663	0.991615	0.000000	0.000000	0.129228	img__0_1588158808770349600.png
1588158808533	7.400454	5.523850	-0.365663	0.991615	0.000000	0.000000	0.129228	img__0_1588158808872638300.png
1588158808635	7.400454	5.523850	-0.365663	0.991615	0.000000	0.000000	0.129228	img__0_1588158808976481500.png
1588158808737	7.400454	5.523850	-0.365663	0.991615	0.000000	0.000000	0.129228	img__0_1588158809079365700.png
1588158808839	7.400454	5.523850	-0.365663	0.991615	0.000000	0.000000	0.129228	img__0_1588158809183213200.png
1588158808947	7.400454	5.523850	-0.365663	0.991615	0.000000	0.000000	0.129228	img__0_1588158809288288200.png
1588158809049	7.400454	5.523850	-0.365663	0.991615	0.000000	0.000000	0.129228	img__0_1588158809390680400.png
1588158809154	7.400454	5.523850	-0.365663	0.991615	0.000000	0.000000	0.129228	img__0_1588158809495867300.png
1588158809253	7.400454	5.523850	-0.365663	0.991615	0.000000	0.000000	0.129228	img__0_1588158809594923400.png
