TimeStamp	POS_X	POS_Y	POS_Z	Q_W	Q_X	Q_Y	Q_Z	ImageFile
1588266446780	0.000000	0.000000	-0.146496	1.000000	0.000000	0.000000	0.000022	img__0_1588266449919726000.png
1588266446888	0.000000	0.000000	-0.146496	1.000000	0.000000	0.000000	0.000022	img__0_1588266450027880800.png
1588266446996	0.000003	0.000001	-0.148528	0.999999	0.000323	-0.001540	0.000025	img__0_1588266450134698700.png
1588266447101	0.000505	0.000097	-0.192456	0.999989	0.000860	-0.004664	0.000071	img__0_1588266450242896300.png
1588266447209	0.002704	0.000508	-0.311289	0.999980	0.001154	-0.006248	0.000160	img__0_1588266450351172400.png
1588266447320	0.007066	0.001319	-0.486964	0.999974	0.001298	-0.007020	0.000281	img__0_1588266450460241900.png
1588266447428	0.012691	0.002364	-0.641420	0.999972	0.001365	-0.007378	0.000416	img__0_1588266450567885500.png
1588266447536	0.019689	0.003663	-0.774798	0.999963	0.001428	-0.007545	-0.003769	img__0_1588266450676239900.png
1588266447644	0.028106	0.005223	-0.887837	0.998972	0.001607	-0.007590	-0.044667	img__0_1588266450785031300.png
1588266447755	0.038265	0.007071	-0.983450	0.991477	0.001684	-0.007574	-0.130053	img__0_1588266450896031600.png
1588266447870	0.050315	0.009105	-1.060493	0.968644	0.001465	-0.007536	-0.248332	img__0_1588266451009052100.png
1588266447975	0.062853	0.010900	-1.112865	0.928311	0.000981	-0.007485	-0.371728	img__0_1588266451114441900.png
1588266448077	0.076300	0.012327	-1.146916	0.868559	0.000302	-0.007402	-0.495530	img__0_1588266451217792000.png
1588266448182	0.091313	0.013192	-1.164781	0.785966	-0.000559	-0.007252	-0.618227	img__0_1588266451322673100.png
1588266448287	0.107294	0.013180	-1.164865	0.698790	-0.001612	-0.007015	-0.715291	img__0_1588266451428389600.png
1588266448398	0.124927	0.011966	-1.145809	0.627439	-0.002801	-0.006702	-0.778632	img__0_1588266451536204300.png
1588266448512	0.143471	0.009267	-1.105315	0.577167	-0.003827	-0.006350	-0.816593	img__0_1588266451651293800.png
1588266448620	0.161159	0.005265	-1.047568	0.545298	-0.004549	-0.006033	-0.838208	img__0_1588266451759644000.png
1588266448731	0.179217	-0.000524	-0.980322	0.523550	-0.005848	-0.006232	-0.851952	img__0_1588266451869653700.png
1588266448836	0.195239	-0.009528	-0.954552	0.507276	-0.074779	-0.047135	-0.857238	img__0_1588266451976865800.png
1588266448944	0.198566	-0.044227	-0.976568	0.489529	-0.162434	-0.098512	-0.851042	img__0_1588266452085693300.png
1588266449052	0.171548	-0.133996	-1.047232	0.479696	-0.183862	-0.109790	-0.850901	img__0_1588266452192690500.png
1588266449157	0.117575	-0.270114	-1.138406	0.483717	-0.092312	-0.056653	-0.868497	img__0_1588266452298792300.png
1588266449265	0.049789	-0.431872	-1.221827	0.482880	-0.044666	-0.028515	-0.874082	img__0_1588266452404953900.png
1588266449370	-0.020958	-0.598022	-1.283644	0.481496	-0.022097	-0.015014	-0.876041	img__0_1588266452512043900.png
1588266449478	-0.096040	-0.773454	-1.328472	0.480389	-0.010797	-0.008193	-0.876951	img__0_1588266452619578700.png
1588266449589	-0.174263	-0.956153	-1.355198	0.479645	-0.005261	-0.004828	-0.877434	img__0_1588266452729569700.png
1588266449694	-0.248614	-1.130118	-1.362818	0.477387	-0.002740	-0.003300	-0.878683	img__0_1588266452835830300.png
1588266449805	-0.327275	-1.314725	-1.358726	0.450315	-0.001380	-0.002551	-0.892865	img__0_1588266452945329000.png
1588266449919	-0.407951	-1.504744	-1.335891	0.380633	-0.000726	-0.002196	-0.924723	img__0_1588266453059397900.png
1588266450024	-0.482111	-1.680032	-1.297158	0.314179	-0.000532	-0.001995	-0.949361	img__0_1588266453165437900.png
1588266450132	-0.558261	-1.860558	-1.239581	0.268466	-0.000536	-0.001860	-0.963287	img__0_1588266453271601400.png
1588266450240	-0.634321	-2.041295	-1.164494	0.239182	-0.000601	-0.001775	-0.970973	img__0_1588266453380689400.png
1588266450351	-0.712443	-2.227283	-1.076329	0.220479	-0.000672	-0.001719	-0.975390	img__0_1588266453489565200.png
1588266450453	-0.784216	-2.398400	-0.989183	0.210053	-0.000726	-0.001686	-0.977688	img__0_1588266453594790300.png
1588266450561	-0.860216	-2.579797	-0.891252	0.203675	-0.000768	-0.001663	-0.979037	img__0_1588266453702429200.png
1588266450669	-0.936237	-2.761409	-0.787692	0.200474	-0.000796	-0.001647	-0.979697	img__0_1588266453811078600.png
1588266450783	-1.016514	-2.953344	-0.673053	0.199338	-0.000815	-0.001637	-0.979929	img__0_1588266453922264700.png
1588266450894	-1.094725	-3.140480	-0.563177	0.199665	-0.000826	-0.001632	-0.979863	img__0_1588266454036016900.png
1588266451002	-1.170879	-3.322840	-0.470378	0.200860	-0.000832	-0.001629	-0.979618	img__0_1588266454143327000.png
1588266451110	-1.247092	-3.505487	-0.394177	0.202618	-0.000834	-0.001628	-0.979256	img__0_1588266454252416000.png
1588266451218	-1.323363	-3.688414	-0.332480	0.204744	-0.000833	-0.001628	-0.978814	img__0_1588266454361907700.png
1588266451326	-1.399677	-3.871575	-0.272781	0.207110	-0.000832	-0.001629	-0.978316	img__0_1588266454468800300.png
1588266451434	-1.476026	-4.054949	-0.208400	0.209632	-0.000829	-0.001630	-0.977779	img__0_1588266454575693600.png
1588266451542	-1.552418	-4.238510	-0.139523	0.212175	-0.005916	0.021824	-0.976970	img__0_1588266454682666100.png
1588266451647	-1.559963	-4.244857	-0.143238	0.212411	-0.022682	0.120901	-0.969407	img__0_1588266454788977700.png
1588266451755	-1.566679	-4.228531	-0.200236	0.214594	-0.017458	0.100731	-0.971338	img__0_1588266454897067900.png
1588266451866	-1.626393	-4.264870	-0.255714	0.217888	-0.008469	0.046596	-0.974824	img__0_1588266455010095800.png
1588266451974	-1.689854	-4.287367	-0.323584	0.220596	-0.004466	0.021838	-0.975111	img__0_1588266455117374600.png
1588266452082	-1.755202	-4.305576	-0.374049	0.223257	-0.002558	0.009808	-0.974707	img__0_1588266455226241600.png
1588266452190	-1.821474	-4.321916	-0.405953	0.225949	-0.001640	0.003936	-0.974130	img__0_1588266455334426700.png
1588266452304	-1.891941	-4.338370	-0.419693	0.228826	-0.001182	0.000966	-0.973466	img__0_1588266455446504000.png
1588266452412	-1.958958	-4.353776	-0.414222	0.231579	-0.000977	-0.000375	-0.972816	img__0_1588266455554846500.png
1588266452520	-2.026139	-4.369286	-0.401885	0.234347	-0.000877	-0.001030	-0.972152	img__0_1588266455664214300.png
1588266452628	-2.094180	-4.385437	-0.391196	0.236365	-0.067338	-0.014619	-0.969218	img__0_1588266455770302200.png
1588266452733	-2.173566	-4.407435	-0.381071	0.237271	-0.115088	-0.018184	-0.964431	img__0_1588266455876658900.png
1588266452841	-2.277415	-4.439593	-0.370852	0.241286	-0.054678	-0.009278	-0.968868	img__0_1588266455985090600.png
1588266452955	-2.401687	-4.479963	-0.374523	0.244432	-0.025786	-0.005126	-0.969310	img__0_1588266456097948100.png
1588266453063	-2.526695	-4.521631	-0.404892	0.247216	-0.012841	-0.003283	-0.968870	img__0_1588266456205275500.png
1588266453174	-2.658740	-4.566378	-0.464152	0.250048	-0.006469	-0.002400	-0.968209	img__0_1588266456317029600.png
1588266453279	-2.784626	-4.610031	-0.515682	0.252579	0.011055	-0.058188	-0.965762	img__0_1588266456421736700.png
1588266453384	-2.905568	-4.663803	-0.549150	0.253094	0.036706	-0.150669	-0.954932	img__0_1588266456527797900.png
1588266453492	-3.015333	-4.745875	-0.574166	0.256292	0.023634	-0.097986	-0.961330	img__0_1588266456634832000.png
1588266453600	-3.109555	-4.856310	-0.638921	0.252859	0.011041	-0.047035	-0.966296	img__0_1588266456743310700.png
1588266453708	-3.196094	-4.980940	-0.738426	0.248379	0.004821	-0.022503	-0.968390	img__0_1588266456851002100.png
1588266453816	-3.280298	-5.109945	-0.822264	0.245388	0.001679	-0.010530	-0.969366	img__0_1588266456958373000.png
1588266453921	-3.361238	-5.237202	-0.885452	0.243508	0.000148	-0.004812	-0.969887	img__0_1588266457064658700.png
1588266454026	-3.441827	-5.365267	-0.930923	0.242312	-0.000621	-0.001972	-0.970196	img__0_1588266457169970400.png
1588266454134	-3.524643	-5.497316	-0.959451	0.241558	-0.001012	-0.000534	-0.970386	img__0_1588266457278472800.png
1588266454239	-3.605226	-5.625766	-0.969587	0.241130	-0.001200	0.000154	-0.970492	img__0_1588266457383851500.png
1588266454347	-3.688251	-5.757826	-0.961969	0.240896	-0.001294	0.000502	-0.970550	img__0_1588266457489267700.png
1588266454452	-3.769141	-5.886099	-0.937269	0.240802	-0.001340	0.000669	-0.970573	img__0_1588266457594536000.png
1588266454563	-3.854883	-6.021535	-0.902453	0.240795	-0.001363	0.000755	-0.970575	img__0_1588266457705851400.png
1588266454668	-3.936265	-6.149466	-0.877680	0.240846	-0.001373	0.000795	-0.970562	img__0_1588266457812061800.png
1588266454776	-4.020256	-6.280855	-0.860088	0.240937	-0.001379	0.000815	-0.970540	img__0_1588266457919257800.png
1588266454884	-4.104470	-6.412057	-0.829481	0.241053	-0.001381	0.000825	-0.970511	img__0_1588266458028351000.png
1588266454992	-4.188894	-6.543077	-0.780790	0.241186	-0.001383	0.000829	-0.970478	img__0_1588266458135181900.png
1588266455097	-4.271185	-6.670280	-0.719606	0.241326	-0.001383	0.000831	-0.970443	img__0_1588266458240585100.png
1588266455205	-4.356108	-6.800908	-0.663367	0.241450	-0.000132	0.010841	-0.970353	img__0_1588266458347356700.png
1588266455310	-4.439200	-6.923621	-0.618274	0.240061	0.024017	0.114997	-0.963623	img__0_1588266458453556500.png
1588266455415	-4.523552	-7.023211	-0.577141	0.242125	0.016795	0.097903	-0.965147	img__0_1588266458559554900.png
1588266455523	-4.611976	-7.100584	-0.543981	0.244169	0.008107	0.046408	-0.968588	img__0_1588266458667685700.png
1588266455631	-4.701344	-7.164489	-0.530910	0.245290	0.003478	0.021812	-0.969198	img__0_1588266458774009800.png
1588266455736	-4.788824	-7.219221	-0.567596	0.245987	0.001304	0.010003	-0.969221	img__0_1588266458880200500.png
1588266455841	-4.876629	-7.270529	-0.647468	0.246484	0.000248	0.004124	-0.969138	img__0_1588266458986068800.png
1588266455949	-4.967179	-7.321564	-0.720438	0.245944	0.012313	0.076677	-0.966168	img__0_1588266459091648700.png
1588266456060	-5.062565	-7.352237	-0.810632	0.246335	0.017430	0.123263	-0.961156	img__0_1588266459200781100.png
1588266456162	-5.153695	-7.348613	-0.918650	0.248929	0.008377	0.060210	-0.966612	img__0_1588266459305440000.png
1588266456270	-5.251635	-7.331322	-1.022776	0.250278	0.003690	0.028324	-0.967753	img__0_1588266459414125100.png
1588266456375	-5.347488	-7.308971	-1.105090	0.251075	0.001413	0.013224	-0.967876	img__0_1588266459519314200.png
1588266456483	-5.446417	-7.283358	-1.170900	0.251640	0.000281	0.005578	-0.967805	img__0_1588266459626970000.png
1588266456591	-5.545526	-7.256622	-1.217963	0.252059	-0.000258	0.001856	-0.967710	img__0_1588266459735284900.png
1588266456696	-5.641972	-7.230278	-1.245981	0.252380	-0.000510	0.000080	-0.967628	img__0_1588266459840707200.png
1588266456804	-5.740815	-7.203994	-1.256666	0.251879	0.015847	-0.078925	-0.964405	img__0_1588266459947045100.png
1588266456912	-5.833359	-7.190627	-1.247651	0.251214	0.015781	-0.099502	-0.962674	img__0_1588266460057473800.png
1588266457023	-5.920682	-7.194625	-1.217436	0.251727	-0.000029	-0.048859	-0.966564	img__0_1588266460166548100.png
1588266457134	-6.005183	-7.208665	-1.167544	0.251820	-0.007261	-0.025783	-0.967403	img__0_1588266460277597000.png
1588266457245	-6.089593	-7.228394	-1.098614	0.251909	-0.010658	-0.014936	-0.967577	img__0_1588266460387137400.png
1588266457350	-6.170552	-7.250394	-1.016262	0.252027	-0.012211	-0.009962	-0.967592	img__0_1588266460494059800.png
1588266457455	-6.253145	-7.274760	-0.917608	0.252167	-0.012980	-0.007491	-0.967568	img__0_1588266460599467500.png
1588266457563	-6.340091	-7.301845	-0.799561	0.252323	-0.013368	-0.006239	-0.967531	img__0_1588266460707840600.png
1588266457671	-6.429218	-7.330780	-0.665764	0.252569	-0.011880	-0.012056	-0.967431	img__0_1588266460815162100.png
1588266457773	-6.514767	-7.362424	-0.542524	0.251258	-0.004622	-0.099417	-0.962790	img__0_1588266460916847700.png
1588266457878	-6.597211	-7.421889	-0.451409	0.242484	-0.008710	-0.150821	-0.958321	img__0_1588266461020438000.png
1588266457986	-6.674212	-7.519142	-0.376418	0.237031	-0.003154	-0.067338	-0.969160	img__0_1588266461130870100.png
1588266458097	-6.750280	-7.634499	-0.285028	0.232271	-0.001477	-0.028070	-0.972245	img__0_1588266461241402000.png
1588266458202	-6.780716	-7.684215	-0.239183	0.229165	-0.000917	-0.010580	-0.973330	img__0_1588266461345981600.png
1588266458304	-6.767781	-7.662934	-0.259347	0.227535	0.000000	0.000000	-0.973770	img__0_1588266461449566800.png
1588266458415	-6.767781	-7.662934	-0.259347	0.227535	0.000000	0.000000	-0.973770	img__0_1588266461557862100.png
1588266458514	-6.767781	-7.662934	-0.259347	0.227535	0.000000	0.000000	-0.973770	img__0_1588266461658714200.png
1588266458619	-6.767781	-7.662934	-0.259347	0.227535	0.000000	0.000000	-0.973770	img__0_1588266461763258000.png
1588266458721	-6.767781	-7.662934	-0.259347	0.227535	0.000000	0.000000	-0.973770	img__0_1588266461866761300.png
1588266458829	-6.767781	-7.662934	-0.259347	0.227535	0.000000	0.000000	-0.973770	img__0_1588266461971025000.png
1588266458937	-6.767781	-7.662934	-0.259347	0.227535	0.000000	0.000000	-0.973770	img__0_1588266462080373900.png
1588266459036	-6.767781	-7.662934	-0.259347	0.227535	0.000000	0.000000	-0.973770	img__0_1588266462179444000.png
1588266459138	-6.767781	-7.662934	-0.259347	0.227535	0.000000	0.000000	-0.973770	img__0_1588266462283824400.png
1588266459240	-6.767781	-7.662934	-0.259347	0.227535	0.000000	0.000000	-0.973770	img__0_1588266462384969500.png
1588266459345	-6.767781	-7.662934	-0.259347	0.227535	0.000000	0.000000	-0.973770	img__0_1588266462489155600.png
1588266459450	-6.767781	-7.662934	-0.259347	0.227535	0.000000	0.000000	-0.973770	img__0_1588266462593866100.png
1588266459555	-6.767781	-7.662934	-0.259347	0.227535	0.000000	0.000000	-0.973770	img__0_1588266462699359700.png
