TimeStamp	POS_X	POS_Y	POS_Z	Q_W	Q_X	Q_Y	Q_Z	ImageFile
1588261865962	0.000000	0.000000	-0.146496	1.000000	0.000000	0.000000	0.000011	img__0_1588261867452309900.png
1588261866049	0.000000	0.000000	-0.146496	1.000000	0.000000	0.000000	0.000011	img__0_1588261867538092300.png
1588261866136	0.000000	0.000000	-0.146496	1.000000	0.000000	0.000000	0.000011	img__0_1588261867624642100.png
1588261866220	0.000000	0.000000	-0.146496	1.000000	0.000000	0.000000	0.000011	img__0_1588261867711164700.png
1588261866307	0.000004	0.000006	-0.152588	1.000000	0.000466	-0.000378	0.000019	img__0_1588261867797962500.png
1588261866397	0.000095	0.000122	-0.202780	0.999999	0.000899	-0.000717	0.000065	img__0_1588261867887061500.png
1588261866490	0.000382	0.000485	-0.310390	0.999999	0.001143	-0.000917	0.000142	img__0_1588261867979194400.png
1588261866577	0.000880	0.001109	-0.461030	0.999999	0.001269	-0.001017	0.000233	img__0_1588261868066687600.png
1588261866670	0.001681	0.002111	-0.672599	0.999999	0.001343	-0.001075	-0.000210	img__0_1588261868158692600.png
1588261866757	0.002638	0.003309	-0.891408	0.999902	0.001392	-0.001091	-0.013871	img__0_1588261868247235000.png
1588261866844	0.003728	0.004671	-1.095690	0.998460	0.001431	-0.001081	-0.055439	img__0_1588261868334954200.png
1588261866934	0.004995	0.006245	-1.289158	0.992001	0.001444	-0.001075	-0.126214	img__0_1588261868422342000.png
1588261867018	0.006317	0.007858	-1.454140	0.977629	0.001423	-0.001091	-0.210330	img__0_1588261868508802900.png
1588261867102	0.007789	0.009600	-1.604737	0.952221	0.001368	-0.001131	-0.305403	img__0_1588261868593152200.png
1588261867186	0.009426	0.011447	-1.741513	0.913810	0.001282	-0.001194	-0.406138	img__0_1588261868676084000.png
1588261867270	0.011242	0.013372	-1.864962	0.861360	0.001168	-0.001271	-0.507993	img__0_1588261868758936000.png
1588261867351	0.013172	0.015268	-1.971717	0.798246	0.001033	-0.001353	-0.602329	img__0_1588261868842058400.png
1588261867441	0.015525	0.017375	-2.076266	0.728829	0.000844	-0.001461	-0.684694	img__0_1588261868931297100.png
1588261867543	0.018450	0.019703	-2.177638	0.667270	0.000612	-0.001585	-0.744814	img__0_1588261869034537500.png
1588261867633	0.021243	0.021654	-2.251968	0.628726	0.000425	-0.001671	-0.777625	img__0_1588261869125090400.png
1588261867726	0.024319	0.023530	-2.314157	0.601029	0.000264	-0.001734	-0.799225	img__0_1588261869215772000.png
1588261867819	0.027572	0.025234	-2.361730	0.582531	0.000138	-0.001773	-0.812807	img__0_1588261869306778800.png
1588261867909	0.030876	0.026700	-2.394847	0.571014	0.000045	-0.001796	-0.820938	img__0_1588261869398532700.png
1588261867996	0.034238	0.027889	-2.430206	0.565810	-0.000023	-0.001808	-0.824534	img__0_1588261869486230800.png
1588261868083	0.037800	0.028780	-2.490509	0.567997	-0.000077	-0.001815	-0.823029	img__0_1588261869573091300.png
1588261868170	0.041562	0.029354	-2.579857	0.575043	-0.000110	-0.001819	-0.818121	img__0_1588261869660205800.png
1588261868260	0.045648	0.029633	-2.695645	0.582942	-0.000122	-0.001821	-0.812512	img__0_1588261869749857500.png
1588261868344	0.049609	0.029655	-2.808646	0.588910	-0.000119	-0.001823	-0.808197	img__0_1588261869833364600.png
1588261868434	0.053950	0.029403	-2.916974	0.593225	-0.022227	-0.016646	-0.804558	img__0_1588261869922288400.png
1588261868524	0.056969	0.025130	-3.010993	0.591523	-0.107265	-0.064851	-0.796486	img__0_1588261870013866300.png
1588261868611	0.054483	0.007532	-3.086951	0.586401	-0.169223	-0.098842	-0.785957	img__0_1588261870099841100.png
1588261868692	0.044093	-0.027899	-3.142278	0.582519	-0.202501	-0.115810	-0.778623	img__0_1588261870183850000.png
1588261868776	0.023193	-0.087960	-3.182147	0.579706	-0.223081	-0.124589	-0.773727	img__0_1588261870266536600.png
1588261868854	-0.006436	-0.166598	-3.202264	0.584122	-0.192056	-0.095787	-0.782778	img__0_1588261870343603600.png
1588261868926	-0.041873	-0.255946	-3.207840	0.593435	-0.119056	-0.060879	-0.793697	img__0_1588261870416310300.png
1588261869010	-0.089571	-0.373089	-3.201878	0.597414	-0.067632	-0.035367	-0.798293	img__0_1588261870501432300.png
1588261869100	-0.145035	-0.507632	-3.182356	0.598858	-0.036897	-0.020012	-0.799755	img__0_1588261870588054700.png
1588261869184	-0.199015	-0.637954	-3.152455	0.599372	-0.020963	-0.012114	-0.800104	img__0_1588261870676250600.png
1588261869271	-0.256105	-0.775635	-3.109859	0.599633	-0.011685	-0.007522	-0.800155	img__0_1588261870761426100.png
1588261869355	-0.311799	-0.910060	-3.057689	0.599795	-0.006656	-0.005046	-0.800110	img__0_1588261870845806500.png
1588261869439	-0.367740	-1.045329	-2.994845	0.599926	-0.003802	-0.003646	-0.800038	img__0_1588261870930335300.png
1588261869532	-0.429752	-1.195669	-2.913783	0.597810	-0.002049	-0.002802	-0.801630	img__0_1588261871020598800.png
1588261869616	-0.485725	-1.331793	-2.833321	0.580764	-0.001138	-0.002406	-0.814067	img__0_1588261871104539600.png
1588261869700	-0.541598	-1.468104	-2.743556	0.541470	-0.000605	-0.002189	-0.840717	img__0_1588261871190723000.png
1588261869787	-0.599317	-1.609443	-2.644827	0.478124	-0.000311	-0.002048	-0.878290	img__0_1588261871279066300.png
1588261869877	-0.658846	-1.755812	-2.538220	0.395173	-0.000194	-0.001943	-0.918605	img__0_1588261871366702500.png
1588261869961	-0.714259	-1.892554	-2.431036	0.327433	-0.000229	-0.001866	-0.944872	img__0_1588261871451308100.png
1588261870045	-0.769564	-2.029418	-2.314430	0.277403	-0.000332	-0.001807	-0.960752	img__0_1588261871534912700.png
1588261870129	-0.824794	-2.166409	-2.188687	0.240984	-0.000449	-0.001761	-0.970527	img__0_1588261871618934800.png
1588261870216	-0.881951	-2.308420	-2.049138	0.213826	-0.000559	-0.001723	-0.976870	img__0_1588261871704989700.png
1588261870297	-0.935149	-2.440758	-1.911946	0.195599	-0.000644	-0.001694	-0.980682	img__0_1588261871788614700.png
1588261870381	-0.990323	-2.578135	-1.767897	0.181913	-0.000714	-0.001669	-0.983313	img__0_1588261871872849200.png
1588261870471	-1.049464	-2.725483	-1.613000	0.171499	-0.002387	-0.001929	-0.985180	img__0_1588261871961381400.png
1588261870555	-1.105116	-2.863305	-1.469983	0.164472	-0.034744	-0.007379	-0.985742	img__0_1588261872047409200.png
1588261870642	-1.168229	-3.008104	-1.334774	0.158719	-0.090995	-0.016682	-0.982980	img__0_1588261872132606100.png
1588261870729	-1.247809	-3.158651	-1.221528	0.153883	-0.148284	-0.025796	-0.976558	img__0_1588261872219324800.png
1588261870819	-1.359628	-3.324342	-1.129327	0.150160	-0.184930	-0.031274	-0.970708	img__0_1588261872309234000.png
1588261870906	-1.503993	-3.496475	-1.063164	0.147667	-0.204622	-0.033895	-0.967045	img__0_1588261872397733600.png
1588261870993	-1.687768	-3.681387	-1.017835	0.146813	-0.191147	-0.031402	-0.970012	img__0_1588261872483350400.png
1588261871074	-1.891083	-3.863899	-0.994249	0.147942	-0.116522	-0.019755	-0.981909	img__0_1588261872567055000.png
1588261871161	-2.131788	-4.067154	-0.991726	0.148185	-0.065647	-0.011792	-0.986708	img__0_1588261872652410000.png
1588261871245	-2.373495	-4.266442	-0.988884	0.148110	-0.037643	-0.007390	-0.988227	img__0_1588261872736948700.png
1588261871332	-2.627945	-4.474221	-0.974363	0.147998	-0.021313	-0.004813	-0.988746	img__0_1588261872824612100.png
1588261871419	-2.884510	-4.682744	-0.947939	0.147924	-0.012247	-0.003379	-0.988917	img__0_1588261872910758000.png
1588261871503	-3.133152	-4.884441	-0.911496	0.147900	-0.007340	-0.002601	-0.988972	img__0_1588261872995834900.png
1588261871587	-3.382248	-5.086388	-0.875772	0.147916	-0.004559	-0.002159	-0.988987	img__0_1588261873079228700.png
1588261871671	-3.631671	-5.288632	-0.870248	0.147963	-0.002982	-0.001909	-0.988987	img__0_1588261873161825400.png
1588261871752	-3.872292	-5.483912	-0.907893	0.148029	-0.002112	-0.001771	-0.988979	img__0_1588261873244654100.png
1588261871836	-4.121711	-5.686707	-0.990960	0.148124	0.000735	-0.017231	-0.988818	img__0_1588261873326890100.png
1588261871917	-4.360777	-5.886343	-1.101524	0.147516	0.014676	-0.108266	-0.983007	img__0_1588261873408284600.png
1588261871998	-4.593791	-6.104898	-1.242393	0.146250	0.025073	-0.176418	-0.973067	img__0_1588261873490461900.png
1588261872082	-4.826611	-6.359225	-1.407882	0.147705	0.015538	-0.112305	-0.982512	img__0_1588261873572900700.png
1588261872163	-5.046040	-6.619721	-1.565840	0.148387	0.008696	-0.066340	-0.986663	img__0_1588261873654473100.png
1588261872247	-5.011579	-6.637074	-1.580155	0.151373	0.006014	-0.039429	-0.987672	img__0_1588261873738294300.png
1588261872331	-4.977462	-6.639664	-1.582846	0.159993	0.003162	-0.024410	-0.986811	img__0_1588261873820857300.png
1588261872412	-4.983373	-6.605836	-1.558639	0.166717	0.001517	-0.015657	-0.985879	img__0_1588261873903594700.png
1588261872493	-4.951530	-6.694602	-1.603427	0.171715	0.000461	-0.009766	-0.985098	img__0_1588261873985814000.png
1588261872574	-4.919464	-6.784374	-1.637681	0.175380	-0.000125	-0.006366	-0.984480	img__0_1588261874067222300.png
1588261872655	-4.887305	-6.874787	-1.661513	0.178078	-0.000450	-0.004381	-0.984007	img__0_1588261874147703300.png
1588261872739	-4.853940	-6.968997	-1.675300	0.180137	-0.000636	-0.003192	-0.983636	img__0_1588261874230399200.png
1588261872823	-4.820599	-7.063528	-1.678006	0.181654	-0.000738	-0.002514	-0.983359	img__0_1588261874314756600.png
1588261872901	-4.789688	-7.151523	-1.670609	0.182710	-0.000791	-0.002148	-0.983164	img__0_1588261874393185100.png
1588261872982	-4.757652	-7.243083	-1.652846	0.183547	-0.000822	-0.001924	-0.983009	img__0_1588261874474219300.png
1588261873066	-4.724506	-7.338204	-1.623628	0.184211	-0.000839	-0.001791	-0.982885	img__0_1588261874554897200.png
1588261873144	-4.693803	-7.426672	-1.586725	0.184692	-0.000848	-0.001719	-0.982795	img__0_1588261874635814700.png
1588261873225	-4.661997	-7.518678	-1.538543	0.185091	-0.000927	-0.001280	-0.982720	img__0_1588261874716153200.png
1588261873306	-4.630414	-7.610650	-1.482581	0.185330	-0.021869	0.022381	-0.982178	img__0_1588261874797535200.png
1588261873387	-4.603362	-7.700022	-1.434723	0.184858	-0.086245	0.060344	-0.977112	img__0_1588261874878923900.png
1588261873471	-4.590585	-7.785405	-1.401437	0.182072	-0.098293	0.087587	-0.974432	img__0_1588261874963213700.png
1588261873552	-4.592846	-7.859201	-1.368156	0.179741	-0.073593	0.090294	-0.976793	img__0_1588261875045508100.png
1588261873636	-4.605627	-7.927065	-1.322218	0.178358	-0.048653	0.081561	-0.979372	img__0_1588261875128976600.png
1588261873720	-4.625853	-7.986647	-1.264573	0.178132	-0.030930	0.061225	-0.981613	img__0_1588261875211213700.png
1588261873801	-4.650091	-8.037916	-1.198504	0.178234	-0.019144	0.039497	-0.983009	img__0_1588261875293527000.png
1588261873882	-4.677252	-8.085181	-1.122613	0.178322	-0.011523	0.022595	-0.983645	img__0_1588261875375159500.png
1588261873969	-4.708357	-8.133374	-1.030535	0.178371	-0.006817	0.011993	-0.983867	img__0_1588261875459839100.png
1588261874050	-4.738374	-8.176940	-0.935243	0.178419	-0.004320	0.006316	-0.983925	img__0_1588261875540938600.png
1588261874131	-4.769002	-8.219856	-0.830975	0.178482	-0.002872	0.003012	-0.983934	img__0_1588261875623321600.png
1588261874227	-4.805779	-8.270344	-0.696366	0.178574	-0.001920	0.000830	-0.983924	img__0_1588261875717614400.png
1588261874302	-4.834847	-8.309554	-0.588745	0.178542	-0.014915	0.030464	-0.983348	img__0_1588261875793970700.png
1588261874383	-4.871082	-8.346704	-0.491439	0.177726	-0.090685	0.111000	-0.973585	img__0_1588261875875416300.png
1588261874467	-4.929753	-8.367018	-0.421776	0.173749	-0.129726	0.163112	-0.962485	img__0_1588261875958489900.png
1588261874548	-5.015307	-8.360740	-0.379871	0.167029	-0.104794	0.175832	-0.964470	img__0_1588261876040330900.png
1588261874626	-4.978600	-8.354883	-0.410958	0.164494	-0.074543	0.149365	-0.972150	img__0_1588261876119017000.png
1588261874710	-5.098469	-8.297627	-0.428941	0.164827	-0.043056	0.084764	-0.981730	img__0_1588261876201015400.png
1588261874791	-5.224792	-8.227757	-0.467113	0.164335	-0.025512	0.049005	-0.984856	img__0_1588261876282869700.png
1588261874872	-5.355082	-8.152544	-0.497676	0.163773	-0.015216	0.027913	-0.985986	img__0_1588261876364215300.png
1588261874953	-5.487484	-8.074571	-0.517663	0.163313	-0.009212	0.015591	-0.986408	img__0_1588261876445157100.png
1588261875034	-5.621103	-7.995090	-0.527262	0.162983	-0.005725	0.008428	-0.986576	img__0_1588261876526988900.png
1588261875115	-5.755416	-7.914843	-0.526549	0.162766	-0.003698	0.004248	-0.986649	img__0_1588261876607389600.png
1588261875196	-5.890121	-7.834254	-0.515545	0.162638	-0.002521	0.001812	-0.986681	img__0_1588261876686554100.png
1588261875274	-6.020043	-7.756562	-0.495250	0.162584	-0.001311	-0.002884	-0.986690	img__0_1588261876765074000.png
1588261875352	-6.149690	-7.680046	-0.465470	0.162072	0.012969	-0.087956	-0.982766	img__0_1588261876843025500.png
1588261875430	-6.276708	-7.611563	-0.425658	0.160577	0.025846	-0.165094	-0.972775	img__0_1588261876923854000.png
1588261875511	-6.403112	-7.556910	-0.372031	0.159165	0.033836	-0.212934	-0.963421	img__0_1588261877002819600.png
1588261875589	-6.518007	-7.524600	-0.306997	0.159760	0.031355	-0.197615	-0.966665	img__0_1588261877081661600.png
1588261875673	-6.466217	-7.547784	-0.398414	0.162017	0.016921	-0.110022	-0.980489	img__0_1588261877164559500.png
1588261875751	-6.516117	-7.554355	-0.425124	0.162739	0.009032	-0.062086	-0.984672	img__0_1588261877244274700.png
1588261875829	-6.563998	-7.567191	-0.441771	0.163032	0.004260	-0.033070	-0.986057	img__0_1588261877321402800.png
1588261875910	-6.612636	-7.584058	-0.448797	0.163189	0.001325	-0.015208	-0.986477	img__0_1588261877401673000.png
1588261875988	-6.659027	-7.601929	-0.445804	0.163302	-0.000331	-0.005127	-0.986563	img__0_1588261877479464500.png
1588261876066	-6.705330	-7.620370	-0.433271	0.163408	-0.001316	0.000872	-0.986557	img__0_1588261877558187200.png
1588261876144	-6.751750	-7.638778	-0.411234	0.163516	-0.001901	0.004440	-0.986529	img__0_1588261877635988600.png
1588261876222	-6.798409	-7.656794	-0.379746	0.163627	-0.002250	0.006562	-0.986498	img__0_1588261877713265700.png
1588261876297	-6.843568	-7.673547	-0.340628	0.163736	-0.002451	0.007786	-0.986470	img__0_1588261877790595900.png
1588261876375	-6.890879	-7.690251	-0.290843	0.163853	-0.002577	0.008552	-0.986444	img__0_1588261877868288500.png
1588261876459	-6.942256	-7.707332	-0.226988	0.163953	0.000192	0.009506	-0.986422	img__0_1588261877952176200.png
1588261876546	-6.922207	-7.700798	-0.253078	0.163568	0.000000	0.000000	-0.986532	img__0_1588261878036720500.png
1588261876621	-6.922207	-7.700798	-0.253078	0.163568	0.000000	0.000000	-0.986532	img__0_1588261878112571300.png
1588261876696	-6.922207	-7.700798	-0.253078	0.163568	0.000000	0.000000	-0.986532	img__0_1588261878190205600.png
1588261876774	-6.922207	-7.700798	-0.253078	0.163568	0.000000	0.000000	-0.986532	img__0_1588261878267235700.png
1588261876849	-6.922207	-7.700798	-0.253078	0.163568	0.000000	0.000000	-0.986532	img__0_1588261878342615200.png
1588261876924	-6.922207	-7.700798	-0.253078	0.163568	0.000000	0.000000	-0.986532	img__0_1588261878417625000.png
1588261877002	-6.922207	-7.700798	-0.253078	0.163568	0.000000	0.000000	-0.986532	img__0_1588261878494148900.png
1588261877077	-6.922207	-7.700798	-0.253078	0.163568	0.000000	0.000000	-0.986532	img__0_1588261878568955000.png
1588261877152	-6.922207	-7.700798	-0.253078	0.163568	0.000000	0.000000	-0.986532	img__0_1588261878644780400.png
1588261877233	-6.922207	-7.700798	-0.253078	0.163568	0.000000	0.000000	-0.986532	img__0_1588261878725440000.png
1588261877308	-6.922207	-7.700798	-0.253078	0.163568	0.000000	0.000000	-0.986532	img__0_1588261878799906900.png
1588261877386	-6.922207	-7.700798	-0.253078	0.163568	0.000000	0.000000	-0.986532	img__0_1588261878879318600.png
1588261877464	-6.922207	-7.700798	-0.253078	0.163568	0.000000	0.000000	-0.986532	img__0_1588261878957844800.png
1588261877542	-6.922207	-7.700798	-0.253078	0.163568	0.000000	0.000000	-0.986532	img__0_1588261879036122900.png
1588261877617	-6.922207	-7.700798	-0.253078	0.163568	0.000000	0.000000	-0.986532	img__0_1588261879109154400.png
1588261877692	-6.922207	-7.700798	-0.253078	0.163568	0.000000	0.000000	-0.986532	img__0_1588261879184158400.png
1588261877767	-6.922207	-7.700798	-0.253078	0.163568	0.000000	0.000000	-0.986532	img__0_1588261879259898300.png
