TimeStamp	POS_X	POS_Y	POS_Z	Q_W	Q_X	Q_Y	Q_Z	ImageFile
1588273685796	0.000000	0.000000	-0.146496	1.000000	0.000000	0.000000	0.000011	img__0_1588273691555843900.png
1588273685883	0.000000	-0.000000	-0.146631	1.000000	-0.000063	-0.000053	0.000011	img__0_1588273691640926200.png
1588273685970	0.000029	-0.000030	-0.162740	1.000000	-0.000582	-0.000571	0.000038	img__0_1588273691727598200.png
1588273686054	0.000180	-0.000183	-0.222342	0.999999	-0.000814	-0.000819	-0.000589	img__0_1588273691813916600.png
1588273686141	0.000496	-0.000501	-0.311677	0.999922	-0.000954	-0.000973	-0.012388	img__0_1588273691900169900.png
1588273686228	0.000945	-0.000952	-0.396513	0.998758	-0.001019	-0.001068	-0.049799	img__0_1588273691986219200.png
1588273686315	0.001532	-0.001551	-0.476058	0.993670	-0.001052	-0.001115	-0.112329	img__0_1588273692073349600.png
1588273686396	0.002215	-0.002268	-0.552249	0.982025	-0.001079	-0.001120	-0.188744	img__0_1588273692156319000.png
1588273686480	0.003052	-0.003196	-0.635680	0.959836	-0.001115	-0.001087	-0.280558	img__0_1588273692238301800.png
1588273686561	0.003961	-0.004282	-0.720167	0.926611	-0.001160	-0.001022	-0.376019	img__0_1588273692318953800.png
1588273686639	0.004903	-0.005510	-0.803791	0.882510	-0.001211	-0.000934	-0.470292	img__0_1588273692398905500.png
1588273686723	0.005951	-0.007037	-0.894920	0.821279	-0.001270	-0.000815	-0.570525	img__0_1588273692481114000.png
1588273686810	0.007030	-0.008840	-0.989983	0.743087	-0.001330	-0.000671	-0.669193	img__0_1588273692567074500.png
1588273686897	0.008052	-0.010859	-1.086397	0.650821	-0.001381	-0.000510	-0.759230	img__0_1588273692655148600.png
1588273686981	0.008921	-0.013019	-1.191068	0.553312	-0.001419	-0.000336	-0.832973	img__0_1588273692740727300.png
1588273687068	0.009662	-0.015434	-1.308717	0.459503	-0.001449	-0.000135	-0.888175	img__0_1588273692826918200.png
1588273687155	0.010251	-0.017950	-1.415025	0.386020	-0.001471	0.000072	-0.922489	img__0_1588273692913798500.png
1588273687245	0.010690	-0.020615	-1.508831	0.330649	-0.001477	0.000266	-0.943752	img__0_1588273693005054300.png
1588273687326	0.010926	-0.023042	-1.579259	0.294471	-0.001471	0.000412	-0.955659	img__0_1588273693085757300.png
1588273687410	0.011005	-0.025564	-1.638563	0.267077	-0.001458	0.000534	-0.963674	img__0_1588273693169026600.png
1588273687494	0.010913	-0.028073	-1.684223	0.247280	-0.001441	0.000628	-0.968943	img__0_1588273693253625700.png
1588273687584	0.010588	-0.030723	-1.729450	0.232144	-0.001423	0.000704	-0.972680	img__0_1588273693343528700.png
1588273687662	0.010022	-0.032957	-1.796131	0.224302	-0.001407	0.000755	-0.974518	img__0_1588273693422560300.png
1588273687755	0.009047	-0.035538	-1.895052	0.229403	-0.001385	0.000809	-0.973330	img__0_1588273693512829100.png
1588273687836	0.007979	-0.037721	-1.983333	0.240239	-0.001375	0.000836	-0.970712	img__0_1588273693595922200.png
1588273687920	0.006696	-0.039929	-2.064235	0.248730	-0.001374	0.000843	-0.968571	img__0_1588273693680401400.png
1588273688007	0.005180	-0.042159	-2.135568	0.255044	-0.001378	0.000839	-0.966928	img__0_1588273693766788800.png
1588273688097	0.003410	-0.044405	-2.196641	0.259455	-0.001384	0.000831	-0.965754	img__0_1588273693854721500.png
1588273688184	0.001467	-0.046511	-2.254985	0.257758	-0.001393	0.000817	-0.966208	img__0_1588273693943236100.png
1588273688274	-0.000874	-0.048597	-2.343560	0.248017	-0.001401	0.000805	-0.968754	img__0_1588273694032155900.png
1588273688355	-0.003303	-0.050385	-2.458601	0.240898	-0.001400	0.000806	-0.970549	img__0_1588273694115647900.png
1588273688445	-0.006239	-0.052303	-2.587791	0.235264	-0.001395	0.000814	-0.971930	img__0_1588273694203182200.png
1588273688526	-0.009055	-0.053979	-2.691701	0.231675	-0.001390	0.000822	-0.972792	img__0_1588273694285579300.png
1588273688613	-0.012260	-0.055722	-2.790421	0.228935	-0.001385	0.000831	-0.973440	img__0_1588273694371724500.png
1588273688697	-0.015535	-0.057349	-2.873388	0.227083	-0.003903	0.000250	-0.973868	img__0_1588273694456155400.png
1588273688781	-0.019518	-0.059180	-2.944480	0.225573	-0.047108	-0.009789	-0.973037	img__0_1588273694540274100.png
1588273688871	-0.029110	-0.063593	-3.007397	0.223891	-0.093852	-0.020627	-0.969866	img__0_1588273694629911900.png
1588273688961	-0.049784	-0.073261	-3.055979	0.222620	-0.120030	-0.026650	-0.967121	img__0_1588273694719922600.png
1588273689051	-0.084893	-0.089806	-3.089590	0.221794	-0.134305	-0.029889	-0.965337	img__0_1588273694809291000.png
1588273689141	-0.136258	-0.114099	-3.107814	0.221297	-0.142067	-0.031614	-0.964285	img__0_1588273694899170800.png
1588273689225	-0.199723	-0.144168	-3.110741	0.221224	-0.140341	-0.031166	-0.964569	img__0_1588273694984544900.png
1588273689315	-0.284264	-0.184254	-3.098884	0.221388	-0.133229	-0.029485	-0.965592	img__0_1588273695073807100.png
1588273689399	-0.377870	-0.228645	-3.074100	0.221603	-0.125912	-0.027772	-0.966575	img__0_1588273695158181700.png
1588273689486	-0.488959	-0.281322	-3.034731	0.221798	-0.120265	-0.026452	-0.967286	img__0_1588273695244175800.png
1588273689573	-0.613762	-0.340486	-2.981639	0.222009	-0.114814	-0.025187	-0.967934	img__0_1588273695331393000.png
1588273689657	-0.746472	-0.403376	-2.917627	0.222865	-0.079281	-0.017027	-0.971471	img__0_1588273695417588800.png
1588273689744	-0.893070	-0.472788	-2.839234	0.223428	-0.044779	-0.009104	-0.973649	img__0_1588273695502908900.png
1588273689828	-1.039908	-0.542213	-2.755625	0.223667	-0.025953	-0.004781	-0.974308	img__0_1588273695586885900.png
1588273689912	-1.189843	-0.612974	-2.667321	0.223818	-0.015307	-0.002337	-0.974508	img__0_1588273695671870600.png
1588273689996	-1.341574	-0.684439	-2.575226	0.223944	-0.009270	-0.000952	-0.974557	img__0_1588273695754713000.png
1588273690077	-1.488870	-0.753671	-2.482986	0.224062	-0.005940	-0.000188	-0.974557	img__0_1588273695836733900.png
1588273690158	-1.636712	-0.823017	-2.385349	0.224180	-0.004013	0.000253	-0.974540	img__0_1588273695918274000.png
1588273690245	-1.795849	-0.897503	-2.272830	0.224308	-0.002838	0.000522	-0.974514	img__0_1588273696003632500.png
1588273690323	-1.938701	-0.964229	-2.164778	0.224423	-0.002236	0.000660	-0.974489	img__0_1588273696083238800.png
1588273690407	-2.092656	-1.035992	-2.040599	0.224549	-0.001861	0.000745	-0.974461	img__0_1588273696165963200.png
1588273690488	-2.241204	-1.105076	-1.918218	0.224671	-0.001654	0.000792	-0.974433	img__0_1588273696248754600.png
1588273690572	-2.395360	-1.176578	-1.799366	0.224799	-0.001531	0.000820	-0.974404	img__0_1588273696331667900.png
1588273690653	-2.544105	-1.245380	-1.694868	0.224922	-0.001463	0.000836	-0.974375	img__0_1588273696413790900.png
1588273690737	-2.698447	-1.316573	-1.597085	0.225050	-0.001423	0.000845	-0.974346	img__0_1588273696496496100.png
1588273690818	-2.847367	-1.385065	-1.516612	0.225173	-0.000184	0.001131	-0.974318	img__0_1588273696578146400.png
1588273690902	-3.001216	-1.455582	-1.453952	0.224823	0.058550	0.014707	-0.972528	img__0_1588273696661930500.png
1588273690986	-3.144900	-1.520887	-1.418692	0.223788	0.112424	0.027144	-0.967751	img__0_1588273696746453900.png
1588273691067	-3.266149	-1.575173	-1.410700	0.224983	0.064267	0.016001	-0.972109	img__0_1588273696826203800.png
1588273691148	-3.374652	-1.622974	-1.440362	0.225472	0.036619	0.009613	-0.973514	img__0_1588273696906603100.png
1588273691226	-3.472085	-1.665311	-1.506397	0.225716	0.021081	0.006027	-0.973946	img__0_1588273696985301700.png
1588273691304	-3.565959	-1.705697	-1.597035	0.225882	0.011885	0.003906	-0.974074	img__0_1588273697065207100.png
1588273691391	-3.669118	-1.749823	-1.692337	0.226035	0.005992	0.002548	-0.974097	img__0_1588273697150729700.png
1588273691472	-3.764466	-1.790427	-1.769542	0.226166	0.002888	0.001834	-0.974083	img__0_1588273697231512000.png
1588273691556	-3.862992	-1.832218	-1.838023	0.226298	0.001043	0.001409	-0.974057	img__0_1588273697315347500.png
1588273691637	-3.957846	-1.872300	-1.894348	0.226423	0.000026	0.001175	-0.974028	img__0_1588273697397100200.png
1588273691718	-4.052676	-1.912176	-1.962785	0.227407	-0.000564	0.001040	-0.973799	img__0_1588273697478125600.png
1588273691799	-4.147589	-1.951848	-2.063895	0.232607	-0.000904	0.000962	-0.972570	img__0_1588273697558564800.png
1588273691883	-4.246146	-1.992824	-2.190013	0.249164	-0.001100	0.000922	-0.968460	img__0_1588273697639484100.png
1588273691958	-4.334240	-2.029305	-2.303721	0.280724	-0.001194	0.000907	-0.959787	img__0_1588273697719494900.png
1588273692042	-4.433010	-2.070068	-2.423393	0.325770	-0.001261	0.000884	-0.945448	img__0_1588273697801251500.png
1588273692120	-4.524823	-2.107841	-2.523617	0.357396	-0.001318	0.000838	-0.933952	img__0_1588273697881488700.png
1588273692207	-4.627350	-2.149899	-2.622733	0.382675	-0.001373	0.000780	-0.923881	img__0_1588273697967656700.png
1588273692291	-4.726470	-2.190447	-2.706067	0.404150	-0.001412	0.000731	-0.914692	img__0_1588273698050110800.png
1588273692372	-4.822172	-2.229502	-2.775254	0.442377	-0.001428	0.000710	-0.896828	img__0_1588273698132199600.png
1588273692453	-4.918005	-2.268528	-2.835771	0.498481	-0.001436	0.000690	-0.866899	img__0_1588273698214586400.png
1588273692537	-5.017523	-2.308989	-2.888576	0.553480	-0.001456	0.000629	-0.832861	img__0_1588273698298166000.png
1588273692621	-5.117171	-2.349461	-2.930008	0.592382	-0.001489	0.000537	-0.805656	img__0_1588273698381952700.png
1588273692708	-5.220503	-2.391418	-2.961065	0.620367	-0.001524	0.000438	-0.784310	img__0_1588273698467319200.png
1588273692789	-5.316818	-2.430535	-2.979225	0.638691	-0.001550	0.000355	-0.769462	img__0_1588273698548271500.png
1588273692870	-5.413229	-2.469718	-2.987067	0.651826	-0.001571	0.000286	-0.758367	img__0_1588273698631374100.png
1588273692954	-5.513308	-2.510435	-2.984328	0.661583	-0.001586	0.000227	-0.749870	img__0_1588273698715099300.png
1588273693038	-5.613477	-2.551244	-2.970529	0.668558	-0.001596	0.000182	-0.743659	img__0_1588273698798132900.png
1588273693122	-5.713734	-2.592149	-2.945711	0.673564	-0.001603	0.000147	-0.739127	img__0_1588273698881590500.png
1588273693206	-5.814074	-2.633157	-2.909945	0.677172	-0.001607	0.000121	-0.735823	img__0_1588273698965407000.png
1588273693287	-5.910906	-2.672801	-2.865182	0.679704	-0.001610	0.000102	-0.733484	img__0_1588273699047572600.png
1588273693371	-6.011402	-2.714020	-2.808236	0.681626	-0.001612	0.000087	-0.731699	img__0_1588273699131994500.png
1588273693455	-6.111975	-2.755351	-2.740730	0.683030	0.002094	-0.003888	-0.730377	img__0_1588273699214587900.png
1588273693539	-6.211327	-2.796880	-2.662852	0.681647	0.058518	-0.064144	-0.726512	img__0_1588273699299446300.png
1588273693620	-6.298248	-2.837609	-2.577560	0.680022	0.094266	-0.102572	-0.719835	img__0_1588273699381435700.png
1588273693707	-6.376184	-2.882453	-2.474187	0.689159	0.050150	-0.056374	-0.720671	img__0_1588273699466390800.png
1588273693791	-6.441403	-2.926526	-2.365063	0.696202	0.025340	-0.030108	-0.716767	img__0_1588273699550659400.png
1588273693875	-6.501018	-2.971143	-2.255697	0.703094	0.010046	-0.013729	-0.710893	img__0_1588273699635117100.png
1588273693956	-6.555709	-3.014580	-2.161826	0.708705	0.001857	-0.004790	-0.705486	img__0_1588273699717705800.png
1588273694037	-6.609491	-3.058346	-2.084521	0.712900	-0.002906	0.000470	-0.701259	img__0_1588273699798804200.png
1588273694121	-6.665493	-3.103975	-2.008850	0.716051	-0.005759	0.003619	-0.698015	img__0_1588273699882125900.png
1588273694208	-6.724273	-3.151426	-1.921007	0.718400	-0.007438	0.005449	-0.695569	img__0_1588273699967487700.png
1588273694295	-6.784284	-3.199079	-1.828611	0.720092	-0.008389	0.006459	-0.693797	img__0_1588273700054460900.png
1588273694373	-6.840029	-3.242084	-1.777044	0.721212	-0.008888	0.006970	-0.692623	img__0_1588273700135207400.png
1588273694457	-6.902516	-3.288736	-1.766043	0.722115	-0.009209	0.007283	-0.691673	img__0_1588273700217925700.png
1588273694541	-6.967653	-3.335747	-1.801274	0.722792	-0.009397	0.007454	-0.690962	img__0_1588273700300836900.png
1588273694625	-7.035328	-3.383099	-1.875595	0.723304	-0.009509	0.007547	-0.690423	img__0_1588273700385342900.png
1588273694709	-7.104373	-3.430660	-1.947630	0.722986	0.031803	-0.036244	-0.689178	img__0_1588273700469502100.png
1588273694793	-7.168606	-3.478455	-2.007751	0.720286	0.067361	-0.077686	-0.686014	img__0_1588273700552928500.png
1588273694877	-7.222440	-3.526823	-2.055584	0.722858	0.028041	-0.044505	-0.688992	img__0_1588273700637277400.png
1588273694961	-7.269870	-3.576338	-2.091771	0.723490	0.008271	-0.028065	-0.689715	img__0_1588273700722877900.png
1588273695039	-7.310982	-3.623667	-2.115249	0.723683	-0.002717	-0.018867	-0.689869	img__0_1588273700800934600.png
1588273695120	-7.352337	-3.674379	-2.129435	0.723776	-0.009489	-0.013183	-0.689844	img__0_1588273700882301800.png
1588273695204	-7.394813	-3.728769	-2.133228	0.723853	-0.013504	-0.009811	-0.689752	img__0_1588273700964917600.png
1588273695291	-7.439027	-3.787105	-2.125455	0.723938	-0.015863	-0.007828	-0.689638	img__0_1588273701052531300.png
1588273695375	-7.482301	-3.845403	-2.106665	0.724027	-0.017148	-0.006747	-0.689526	img__0_1588273701134392600.png
1588273695459	-7.526391	-3.905739	-2.079024	0.724125	-0.017651	-0.006349	-0.689414	img__0_1588273701220302400.png
1588273695540	-7.569283	-3.966651	-2.068248	0.723752	0.031580	-0.053204	-0.687281	img__0_1588273701302233200.png
1588273695624	-7.603976	-4.032394	-2.080817	0.720898	0.072535	-0.092094	-0.683055	img__0_1588273701383712300.png
1588273695708	-7.625691	-4.099556	-2.086282	0.723873	0.033213	-0.054820	-0.686949	img__0_1588273701468700000.png
1588273695789	-7.639188	-4.165760	-2.080514	0.724611	0.012997	-0.035624	-0.688115	img__0_1588273701551235500.png
1588273695873	-7.649051	-4.236101	-2.063490	0.724822	-0.000029	-0.023242	-0.688544	img__0_1588273701633740600.png
1588273695957	-7.656723	-4.308261	-2.035383	0.724761	0.014989	-0.037490	-0.687817	img__0_1588273701717719200.png
1588273696041	-7.659080	-4.382070	-1.995958	0.719342	0.090464	-0.108981	-0.680063	img__0_1588273701801118500.png
1588273696125	-7.646209	-4.456958	-1.943532	0.719198	0.092320	-0.110743	-0.679682	img__0_1588273701886776400.png
1588273696212	-7.615685	-4.535594	-1.875447	0.723869	0.043861	-0.064883	-0.685478	img__0_1588273701973096500.png
1588273696296	-7.575749	-4.613126	-1.803989	0.725074	0.017706	-0.040078	-0.687276	img__0_1588273702056581600.png
1588273696377	-7.530387	-4.690191	-1.749438	0.725372	0.003171	-0.026277	-0.687848	img__0_1588273702138970500.png
1588273696461	-7.479442	-4.772803	-1.711924	0.725450	-0.005569	-0.017971	-0.688018	img__0_1588273702222199700.png
1588273696545	-7.426944	-4.857854	-1.681246	0.725486	-0.010550	-0.013235	-0.688029	img__0_1588273702306664900.png
1588273696635	-7.370340	-4.951177	-1.638840	0.725535	-0.013546	-0.010385	-0.687974	img__0_1588273702394747100.png
1588273696719	-7.317708	-5.040271	-1.588012	0.725595	-0.015108	-0.008900	-0.687898	img__0_1588273702481404700.png
1588273696803	-7.265538	-5.131307	-1.526462	0.725666	-0.016000	-0.008052	-0.687814	img__0_1588273702563872800.png
1588273696887	-7.213983	-5.224295	-1.454353	0.725745	-0.016509	-0.007568	-0.687724	img__0_1588273702647318800.png
1588273696968	-7.165008	-5.316026	-1.381056	0.725825	-0.016792	-0.007300	-0.687635	img__0_1588273702730858000.png
1588273697052	-7.115381	-5.414253	-1.328907	0.725912	-0.016961	-0.007141	-0.687542	img__0_1588273702813454500.png
1588273697136	-7.066657	-5.514772	-1.276106	0.725999	-0.017057	-0.007050	-0.687448	img__0_1588273702898125400.png
1588273697220	-7.018721	-5.617238	-1.212647	0.726088	-0.017111	-0.007000	-0.687353	img__0_1588273702980575000.png
1588273697307	-6.969916	-5.725418	-1.135821	0.726181	-0.017143	-0.006971	-0.687254	img__0_1588273703067488600.png
1588273697400	-6.918743	-5.843474	-1.044377	0.726203	-0.020198	-0.004081	-0.687172	img__0_1588273703161361100.png
1588273697487	-6.874640	-5.957291	-0.978555	0.721984	-0.081563	0.054059	-0.684956	img__0_1588273703248324600.png
1588273697586	-6.846169	-6.092080	-0.936932	0.722007	-0.082302	0.054774	-0.684787	img__0_1588273703346506500.png
1588273697679	-6.836175	-6.222220	-0.890258	0.725036	-0.050360	0.024492	-0.686430	img__0_1588273703439780700.png
1588273697766	-6.834055	-6.346441	-0.834241	0.726140	-0.032711	0.007775	-0.686724	img__0_1588273703525108800.png
1588273697850	-6.835772	-6.468632	-0.773204	0.726595	-0.023255	-0.001179	-0.686671	img__0_1588273703611739100.png
1588273697934	-6.839497	-6.592934	-0.705183	0.726840	-0.017787	-0.006357	-0.686547	img__0_1588273703694871100.png
1588273698015	-6.844001	-6.714630	-0.629796	0.726996	-0.014764	-0.009220	-0.686421	img__0_1588273703777755200.png
1588273698099	-6.849117	-6.842869	-0.546421	0.727121	-0.012949	-0.010939	-0.686300	img__0_1588273703859240400.png
1588273698180	-6.854241	-6.969605	-0.494474	0.727226	-0.011940	-0.011895	-0.686191	img__0_1588273703941628800.png
1588273698261	-6.859299	-7.099708	-0.481199	0.727323	-0.011351	-0.012453	-0.686089	img__0_1588273704022973800.png
1588273698339	-6.864026	-7.227033	-0.471404	0.727412	-0.011016	-0.012770	-0.685994	img__0_1588273704099962900.png
1588273698417	-6.868589	-7.355933	-0.452061	0.727499	-0.010817	-0.012959	-0.685901	img__0_1588273704177771000.png
1588273698495	-6.872958	-7.486406	-0.423202	0.727585	-0.010698	-0.013071	-0.685809	img__0_1588273704255969800.png
1588273698573	-6.877115	-7.618449	-0.384889	0.727671	-0.010626	-0.013139	-0.685718	img__0_1588273704333725900.png
1588273698648	-6.880902	-7.746893	-0.339211	0.727752	-0.010584	-0.013179	-0.685632	img__0_1588273704411336800.png
1588273698726	-6.884617	-7.882014	-0.282615	0.727837	-0.010557	-0.013204	-0.685542	img__0_1588273704488726700.png
1588273698804	-6.888098	-8.018703	-0.216877	0.727921	-0.010541	-0.013219	-0.685453	img__0_1588273704566550400.png
1588273698882	-6.887084	-7.982576	-0.232102	0.727538	-0.010428	-0.013303	-0.685859	img__0_1588273704643938000.png
1588273698960	-6.886905	-7.979627	-0.231720	0.726608	-0.010352	-0.013344	-0.686844	img__0_1588273704722121300.png
1588273699038	-6.886729	-7.976932	-0.231388	0.725395	-0.010297	-0.013360	-0.688127	img__0_1588273704800008300.png
1588273699116	-6.886507	-7.970464	-0.233860	0.724066	-0.010261	-0.013358	-0.689525	img__0_1588273704879518600.png
1588273699200	-6.886442	-7.976049	-0.227845	0.722576	-0.010246	-0.013342	-0.691087	img__0_1588273704959824500.png
1588273699275	-6.886268	-7.970232	-0.230547	0.721264	-0.010228	-0.013323	-0.692456	img__0_1588273705038136400.png
1588273699353	-6.886142	-7.968385	-0.230362	0.719922	-0.010222	-0.013301	-0.693852	img__0_1588273705114166900.png
1588273699428	-6.886035	-7.963538	-0.233155	0.718682	-0.010217	-0.013278	-0.695137	img__0_1588273705190380600.png
1588273699506	-6.885930	-7.965152	-0.230161	0.717432	-0.010221	-0.013252	-0.696428	img__0_1588273705266667100.png
1588273699581	-6.886076	-7.938288	-0.256338	0.717315	0.000000	0.000000	-0.696748	img__0_1588273705342371300.png
1588273699659	-6.886076	-7.938288	-0.256338	0.717315	0.000000	0.000000	-0.696748	img__0_1588273705419663000.png
1588273699734	-6.886076	-7.938288	-0.256338	0.717315	0.000000	0.000000	-0.696748	img__0_1588273705497400600.png
1588273699815	-6.886076	-7.938288	-0.256338	0.717315	0.000000	0.000000	-0.696748	img__0_1588273705575968900.png
1588273699887	-6.886076	-7.938288	-0.256338	0.717315	0.000000	0.000000	-0.696748	img__0_1588273705650173600.png
1588273699965	-6.886076	-7.938288	-0.256338	0.717315	0.000000	0.000000	-0.696748	img__0_1588273705726328200.png
1588273700040	-6.886076	-7.938288	-0.256338	0.717315	0.000000	0.000000	-0.696748	img__0_1588273705801323100.png
1588273700115	-6.886076	-7.938288	-0.256338	0.717315	0.000000	0.000000	-0.696748	img__0_1588273705875941500.png
1588273700196	-6.886076	-7.938288	-0.256338	0.717315	0.000000	0.000000	-0.696748	img__0_1588273705957304200.png
1588273700268	-6.886076	-7.938288	-0.256338	0.717315	0.000000	0.000000	-0.696748	img__0_1588273706029207400.png
1588273700343	-6.886076	-7.938288	-0.256338	0.717315	0.000000	0.000000	-0.696748	img__0_1588273706105207900.png
1588273700418	-6.886076	-7.938288	-0.256338	0.717315	0.000000	0.000000	-0.696748	img__0_1588273706181026500.png
1588273700496	-6.886076	-7.938288	-0.256338	0.717315	0.000000	0.000000	-0.696748	img__0_1588273706256997900.png
1588273700574	-6.886076	-7.938288	-0.256338	0.717315	0.000000	0.000000	-0.696748	img__0_1588273706334927000.png
1588273700652	-6.886076	-7.938288	-0.256338	0.717315	0.000000	0.000000	-0.696748	img__0_1588273706412722900.png
1588273700727	-6.886076	-7.938288	-0.256338	0.717315	0.000000	0.000000	-0.696748	img__0_1588273706488770000.png
