TimeStamp	POS_X	POS_Y	POS_Z	Q_W	Q_X	Q_Y	Q_Z	ImageFile
1588185206710	0.000000	0.000000	-0.146496	1.000000	0.000000	0.000000	-0.000966	img__0_1588185207620153800.png
1588185206977	0.000000	0.000000	-0.146496	1.000000	0.000000	0.000000	-0.000966	img__0_1588185207888518500.png
1588185207322	0.000000	0.000000	-0.146496	1.000000	0.000000	0.000000	-0.000966	img__0_1588185208235461300.png
1588185207505	0.000000	0.000000	-0.146496	1.000000	0.000000	0.000000	-0.000966	img__0_1588185208419414400.png
1588185207676	0.000002	0.000001	-0.147239	0.999998	0.000322	-0.001540	-0.000987	img__0_1588185208586770700.png
1588185207856	0.001619	0.000301	-0.217607	0.999981	0.001083	-0.005881	-0.001710	img__0_1588185208770176400.png
1588185208096	0.012190	0.002233	-0.551454	0.999969	0.001327	-0.007356	0.002385	img__0_1588185209010893600.png
1588185208390	0.037694	0.006946	-1.054650	0.999391	0.001422	-0.007658	0.034020	img__0_1588185209304874700.png
1588185208579	0.061479	0.011572	-1.417797	0.998011	0.001563	-0.007664	0.062551	img__0_1588185209492406100.png
1588185208744	0.086912	0.016860	-1.757581	0.995947	0.001730	-0.007635	0.089601	img__0_1588185209659793600.png
1588185209176	0.173489	0.037767	-2.738614	0.989985	0.002267	-0.007499	0.140953	img__0_1588185210090848000.png
1588185209380	0.230499	0.053865	-3.258481	0.983630	0.016467	-0.102864	0.147039	img__0_1588185210297004800.png
1588185209560	0.345008	0.088588	-3.742024	0.974691	0.026148	-0.165881	0.147569	img__0_1588185210474063800.png
1588185209719	0.534417	0.147204	-4.178026	0.971283	0.029255	-0.184726	0.147071	img__0_1588185210634797600.png
1588185210034	1.165070	0.344512	-5.040061	0.987291	0.010280	-0.057933	0.147630	img__0_1588185210950115100.png
1588185210340	1.921119	0.583486	-5.926931	0.989389	0.002710	-0.008136	0.145037	img__0_1588185211254884100.png
1588185210535	2.413824	0.740715	-6.532314	0.989714	0.001887	-0.002853	0.143022	img__0_1588185211451362400.png
1588185210712	2.861613	0.884616	-7.091998	0.989987	0.001673	-0.001508	0.141140	img__0_1588185211630847200.png
1588185211033	3.672111	1.147452	-8.101687	0.986161	0.001576	-0.001009	0.165778	img__0_1588185211948398600.png
1588185211564	4.872132	1.850123	-9.695521	0.945121	0.054748	0.007152	0.322022	img__0_1588185212481460600.png
1588185211873	5.456923	2.469381	-10.532632	0.910923	0.008574	-0.000410	0.412488	img__0_1588185212791169700.png
1588185212056	5.797960	2.843291	-10.929073	0.900434	0.003774	-0.000497	0.434975	img__0_1588185212973737500.png
1588185212248	6.153953	3.236309	-11.263737	0.895422	0.002334	-0.000438	0.445213	img__0_1588185213163371100.png
1588185212602	6.806479	3.960558	-11.685040	0.893130	0.001840	-0.000387	0.449795	img__0_1588185213519576100.png
1588185212899	7.347270	4.569573	-11.858945	0.886014	0.116726	0.057417	0.445037	img__0_1588185213816273800.png
1588185213082	7.628710	4.981708	-11.879241	0.869443	0.209591	0.104042	0.435105	img__0_1588185214001595100.png
1588185213262	7.811968	5.455707	-11.814882	0.862518	0.239545	0.118822	0.429608	img__0_1588185214183135600.png
1588185213643	7.914931	6.669047	-11.412587	0.870388	0.022226	0.007348	0.491810	img__0_1588185214564247400.png
1588185213946	7.925743	7.685402	-10.929037	0.678385	-0.005138	-0.006731	0.734658	img__0_1588185214863199600.png
1588185214150	7.938073	8.368523	-10.534225	0.448295	-0.006931	-0.008615	0.893817	img__0_1588185215069809300.png
1588185214396	7.961924	9.193719	-9.992262	0.098285	-0.004679	-0.010199	0.995095	img__0_1588185215315522400.png
1588185214624	7.988879	9.963317	-9.432641	-0.249798	-0.001175	-0.010967	0.968235	img__0_1588185215545516500.png
1588185214882	8.017716	10.841619	-8.742675	-0.571420	0.003414	-0.010517	0.820583	img__0_1588185215801522500.png
1588185215311	8.039830	12.306908	-7.494884	-0.720363	0.008585	-0.008461	0.693493	img__0_1588185216231986800.png
1588185215524	8.035933	13.029631	-6.837010	-0.732885	0.058475	0.025959	0.677338	img__0_1588185216444776900.png
1588185215722	8.017610	13.644385	-6.211905	-0.719322	0.187000	0.130495	0.656184	img__0_1588185216643704800.png
1588185215917	7.977684	14.086151	-5.572888	-0.706905	0.218747	0.161340	0.652997	img__0_1588185216839972200.png
1588185216124	7.909643	14.339258	-4.845090	-0.617120	0.222148	0.173992	0.734534	img__0_1588185217046738500.png
1588185216433	7.699287	14.323983	-3.623066	-0.419077	0.254132	0.118404	0.863581	img__0_1588185217353903400.png
1588185216550	7.553214	14.215693	-3.111722	-0.380348	0.265602	0.095247	0.880749	img__0_1588185217469934600.png
1588185216658	7.375791	14.075241	-2.614208	-0.356346	0.272715	0.078781	0.890190	img__0_1588185217577058000.png
1588185216781	7.119956	13.873490	-2.016769	-0.338484	0.277761	0.065280	0.896670	img__0_1588185217703596100.png
1588185217198	5.806879	12.905421	0.261078	-0.327740	0.268985	0.085815	0.901593	img__0_1588185218120267100.png
1588185217330	6.246066	13.222696	-0.443601	0.346603	0.000000	0.000000	-0.938012	img__0_1588185218252297600.png
1588185217435	6.246066	13.222696	-0.443601	0.346603	0.000000	0.000000	-0.938012	img__0_1588185218356312100.png
1588185217636	6.246066	13.222696	-0.443601	0.346603	0.000000	0.000000	-0.938012	img__0_1588185218558621200.png
1588185217837	6.246066	13.222696	-0.443601	0.346603	0.000000	0.000000	-0.938012	img__0_1588185218758534000.png
1588185218032	6.246066	13.222696	-0.443601	0.346603	0.000000	0.000000	-0.938012	img__0_1588185218955432800.png
1588185218404	6.246066	13.222696	-0.443601	0.346603	0.000000	0.000000	-0.938012	img__0_1588185219328550400.png
1588185218632	6.246066	13.222696	-0.443601	0.346603	0.000000	0.000000	-0.938012	img__0_1588185219555760900.png
1588185218866	6.246066	13.222696	-0.443601	0.346603	0.000000	0.000000	-0.938012	img__0_1588185219789934100.png
1588185219187	6.246089	13.222024	-0.603878	0.337206	-0.000473	-0.001424	-0.941430	img__0_1588185220108867900.png
1588185219406	6.246157	13.219342	-0.998593	0.323631	-0.000573	-0.001657	-0.946182	img__0_1588185220330868200.png
1588185219607	6.246221	13.215395	-1.377731	0.401712	-0.000660	-0.001681	-0.915764	img__0_1588185220532614800.png
1588185219802	6.246344	13.210432	-1.683229	0.533556	-0.000556	-0.001708	-0.845763	img__0_1588185220727842300.png
1588185220048	6.246897	13.202696	-1.962773	0.608110	-0.000255	-0.001784	-0.793851	img__0_1588185220973272700.png
1588185220306	6.248371	13.192956	-2.135392	0.634583	-0.000069	-0.001818	-0.772989	img__0_1588185221227996200.png
1588185220486	6.250081	13.185235	-2.185789	0.641208	-0.000006	-0.001825	-0.767365	img__0_1588185221413032900.png
1588185220702	6.248769	13.167087	-2.170826	0.634209	-0.153673	-0.064631	-0.754974	img__0_1588185221625274500.png
1588185221062	6.114424	12.882916	-1.903403	0.614163	-0.263843	-0.108565	-0.735802	img__0_1588185221987126100.png
1588185221242	5.952730	12.559797	-1.627814	0.630456	-0.194093	-0.110673	-0.743374	img__0_1588185222168604600.png
1588185221374	5.805936	12.255527	-1.373482	0.642465	-0.080188	-0.047247	-0.760642	img__0_1588185222300111100.png
1588185221561	5.584494	11.785647	-0.968652	0.642850	-0.022811	-0.014804	-0.765510	img__0_1588185222488532900.png
1588185221798	5.295583	11.165558	-0.395383	0.640677	-0.004566	-0.004446	-0.767784	img__0_1588185222722950700.png
1588185222044	5.235063	11.035052	-0.267827	0.639055	0.000000	0.000000	-0.769161	img__0_1588185222966138400.png
1588185222278	5.235063	11.035052	-0.267827	0.639055	0.000000	0.000000	-0.769161	img__0_1588185223208786500.png
1588185222497	5.235063	11.035052	-0.267827	0.639055	0.000000	0.000000	-0.769161	img__0_1588185223429741700.png
1588185222710	5.235063	11.035052	-0.267827	0.639055	0.000000	0.000000	-0.769161	img__0_1588185223642260800.png
1588185222908	5.235063	11.035052	-0.267827	0.639055	0.000000	0.000000	-0.769161	img__0_1588185223837794000.png
1588185223082	5.234645	11.035091	-0.283038	0.637641	-0.004825	0.004816	-0.770303	img__0_1588185224014661900.png
1588185223292	5.226621	11.035868	-0.466703	0.619310	-0.007785	0.007734	-0.785070	img__0_1588185224223973800.png
1588185223529	5.201752	11.038608	-0.899509	0.589008	-0.008342	0.008687	-0.808037	img__0_1588185224460383900.png
1588185223868	5.197110	11.028339	-1.381733	0.555581	0.129442	-0.185072	-0.800202	img__0_1588185224799310400.png
1588185224093	5.362689	10.958993	-1.540404	0.554773	0.104500	-0.150970	-0.811489	img__0_1588185225026204000.png
1588185224306	5.642974	10.846243	-1.578279	0.560313	0.025903	-0.038559	-0.826977	img__0_1588185225241002000.png
1588185224495	5.923700	10.733442	-1.542791	0.558542	0.007279	-0.012220	-0.829355	img__0_1588185225430053200.png
1588185224828	6.433829	10.527172	-1.330832	0.555165	0.000662	-0.002949	-0.831734	img__0_1588185225762453200.png
1588185225155	6.937863	10.321299	-0.946910	0.552070	-0.000065	-0.001949	-0.833795	img__0_1588185226090443000.png
1588185225365	7.259696	10.183487	-0.616003	0.544582	-0.115371	-0.077888	-0.827075	img__0_1588185226297879800.png
1588185225557	7.390243	10.085271	-0.433604	0.530559	-0.203264	-0.130977	-0.812426	img__0_1588185226491179500.png
1588185225923	7.542181	9.858533	-0.102325	0.517000	-0.237477	-0.144776	-0.809540	img__0_1588185226858823300.png
1588185226046	7.419028	10.030554	-0.353468	0.523022	-0.176325	-0.108810	-0.826752	img__0_1588185226982696400.png
1588185226211	7.294109	10.022962	-0.431883	0.526257	-0.061336	-0.039872	-0.847173	img__0_1588185227146780400.png
1588185226580	6.801890	9.666312	-0.283588	0.519340	-0.005238	-0.005028	-0.854537	img__0_1588185227514794400.png
1588185226781	6.715437	9.600047	-0.261832	0.516363	-0.001564	-0.002679	-0.856364	img__0_1588185227717893700.png
1588185226991	6.441169	9.388017	-0.412425	0.513254	-0.000562	-0.002027	-0.858234	img__0_1588185227927384400.png
1588185227234	6.125416	9.139645	-0.825612	0.510223	0.002123	-0.029317	-0.859540	img__0_1588185228170869700.png
1588185227426	5.890298	8.928991	-1.085734	0.503206	0.081318	-0.154428	-0.846359	img__0_1588185228360237100.png
1588185227618	5.733431	8.669818	-1.259386	0.493886	0.126176	-0.218464	-0.832124	img__0_1588185228556144900.png
1588185227819	5.701555	8.324631	-1.330630	0.489112	0.138548	-0.236441	-0.828052	img__0_1588185228756618400.png
1588185228206	6.048084	7.434855	-1.134963	0.502273	0.046156	-0.079848	-0.859777	img__0_1588185229144573100.png
1588185228512	6.276726	7.096087	-0.936172	0.500108	0.001045	-0.003685	-0.865955	img__0_1588185229449395800.png
1588185228791	6.188497	7.278547	-0.976855	0.493430	-0.004835	0.006099	-0.869751	img__0_1588185229728744900.png
1588185229061	6.182061	7.314365	-0.957419	0.486390	-0.005760	0.007692	-0.873689	img__0_1588185230004201100.png
1588185229322	6.175725	7.338903	-0.942147	0.480445	-0.005869	0.007993	-0.876969	img__0_1588185230266954200.png
1588185229526	6.125831	7.395765	-1.000308	0.476787	-0.005867	0.008082	-0.878962	img__0_1588185230467556700.png
1588185229763	6.178371	7.356021	-0.903160	0.473571	-0.005831	0.008098	-0.880699	img__0_1588185230706430200.png
1588185229994	6.159691	7.376036	-0.917901	0.471315	-0.005797	0.008134	-0.881908	img__0_1588185230937897800.png
1588185230213	6.161633	7.379884	-0.903704	0.498150	-0.005633	0.008246	-0.867033	img__0_1588185231166216200.png
1588185230465	6.148398	7.399723	-0.919519	0.656947	-0.005602	0.008155	-0.753872	img__0_1588185231414870500.png
1588185230762	6.159992	7.432971	-0.858718	0.878151	-0.006912	0.006519	-0.478289	img__0_1588185231712610500.png
1588185231014	6.238875	7.395614	-0.520492	0.988557	-0.008307	0.003948	-0.150565	img__0_1588185231968895600.png
1588185231236	6.303623	7.356302	-0.150548	0.999515	-0.009367	0.001060	0.029692	img__0_1588185232190878500.png
1588185231404	6.283724	7.369228	-0.271870	0.998847	0.000000	0.000000	0.048013	img__0_1588185232357537200.png
1588185231677	6.283724	7.369228	-0.271870	0.998847	0.000000	0.000000	0.048013	img__0_1588185232632381100.png
1588185232076	6.283724	7.369228	-0.271870	0.998847	0.000000	0.000000	0.048013	img__0_1588185233032492500.png
1588185232328	6.283724	7.369228	-0.271870	0.998847	0.000000	0.000000	0.048013	img__0_1588185233285763300.png
1588185232634	6.283724	7.369228	-0.271870	0.998847	0.000000	0.000000	0.048013	img__0_1588185233588399900.png
1588185232793	6.283724	7.369228	-0.271870	0.998847	0.000000	0.000000	0.048013	img__0_1588185233748198500.png
1588185232949	6.283724	7.369228	-0.271870	0.998847	0.000000	0.000000	0.048013	img__0_1588185233906270000.png
1588185233102	6.283724	7.369228	-0.271870	0.998847	0.000000	0.000000	0.048013	img__0_1588185234057968600.png
1588185233276	6.283776	7.369277	-0.318201	0.998859	0.000767	-0.000611	0.047741	img__0_1588185234232959500.png
1588185233591	6.285136	7.371118	-0.728669	0.998962	0.001392	-0.001018	0.045516	img__0_1588185234547642000.png
1588185233915	6.288206	7.375511	-1.046492	0.999102	0.001468	-0.001070	0.042320	img__0_1588185234871586900.png
1588185234116	6.291035	7.379623	-1.187062	0.999191	0.001474	-0.001078	0.040189	img__0_1588185235071244500.png
1588185234428	6.299800	7.350479	-1.332875	0.990351	-0.133590	-0.006379	0.036293	img__0_1588185235384845700.png
1588185234644	6.314668	7.228639	-1.320971	0.998436	-0.044041	-0.002970	0.034317	img__0_1588185235601328900.png
1588185234821	6.329881	7.097239	-1.248519	0.999392	-0.012634	-0.001708	0.032439	img__0_1588185235781134300.png
1588185235076	6.353683	6.896785	-1.050678	0.999559	-0.001115	-0.001216	0.029652	img__0_1588185236031994900.png
1588185235448	6.390809	6.602325	-0.576347	0.999672	0.001244	-0.001112	0.025566	img__0_1588185236406523600.png
1588185235607	6.407440	6.477375	-0.311947	0.999715	0.001384	-0.001107	0.023818	img__0_1588185236566153200.png
1588185235769	6.410967	6.451435	-0.252230	0.999745	0.000000	0.000000	0.022563	img__0_1588185236727711100.png
1588185235970	6.410967	6.451435	-0.252230	0.999745	0.000000	0.000000	0.022563	img__0_1588185236928140000.png
1588185236462	6.410967	6.451435	-0.252230	0.999745	0.000000	0.000000	0.022563	img__0_1588185237421212700.png
1588185236627	6.410967	6.451435	-0.252230	0.999745	0.000000	0.000000	0.022563	img__0_1588185237585981600.png
1588185236810	6.410967	6.451435	-0.252230	0.999745	0.000000	0.000000	0.022563	img__0_1588185237771628800.png
1588185237116	6.410967	6.451435	-0.252230	0.999745	0.000000	0.000000	0.022563	img__0_1588185238075136300.png
1588185237326	6.410967	6.451435	-0.252230	0.999745	0.000000	0.000000	0.022563	img__0_1588185238285773800.png
1588185237521	6.410967	6.451435	-0.252230	0.999745	0.000000	0.000000	0.022563	img__0_1588185238482173500.png
