TimeStamp	POS_X	POS_Y	POS_Z	Q_W	Q_X	Q_Y	Q_Z	ImageFile
1588262052737	0.000000	0.000000	-0.146496	1.000000	0.000000	0.000000	0.000012	img__0_1588262054297715000.png
1588262052824	0.000000	0.000000	-0.146496	1.000000	0.000000	0.000000	0.000012	img__0_1588262054383519500.png
1588262052908	0.000000	0.000000	-0.146496	1.000000	0.000000	0.000000	0.000012	img__0_1588262054469040400.png
1588262052995	0.000004	0.000005	-0.154477	1.000000	0.000458	-0.000367	0.000020	img__0_1588262054554792200.png
1588262053082	0.000085	0.000110	-0.207224	0.999999	0.000873	-0.000700	0.000062	img__0_1588262054641451200.png
1588262053169	0.000335	0.000425	-0.309499	0.999999	0.001121	-0.000898	0.000132	img__0_1588262054731255200.png
1588262053259	0.000821	0.001036	-0.466078	0.999999	0.001258	-0.001009	0.000224	img__0_1588262054818676800.png
1588262053346	0.001536	0.001931	-0.663974	0.999999	0.001334	-0.001068	-0.000179	img__0_1588262054906337100.png
1588262053436	0.002482	0.003116	-0.888270	0.999887	0.001389	-0.001087	-0.014935	img__0_1588262054996572600.png
1588262053526	0.003567	0.004472	-1.095836	0.998191	0.001430	-0.001078	-0.060092	img__0_1588262055087332400.png
1588262053613	0.004752	0.005942	-1.279400	0.991492	0.001443	-0.001074	-0.130159	img__0_1588262055173839200.png
1588262053703	0.006131	0.007620	-1.452487	0.975134	0.001417	-0.001094	-0.221608	img__0_1588262055262713400.png
1588262053787	0.007575	0.009317	-1.599287	0.948189	0.001358	-0.001138	-0.317703	img__0_1588262055348675200.png
1588262053868	0.009125	0.011051	-1.727882	0.909731	0.001272	-0.001200	-0.415194	img__0_1588262055429911600.png
1588262053949	0.010843	0.012854	-1.844185	0.860783	0.001155	-0.001281	-0.508969	img__0_1588262055510930500.png
1588262054036	0.012886	0.014831	-1.955837	0.811804	0.000990	-0.001397	-0.583927	img__0_1588262055593958600.png
1588262054120	0.015055	0.016741	-2.050973	0.774427	0.000824	-0.001511	-0.632661	img__0_1588262055681917600.png
1588262054207	0.017505	0.018682	-2.136722	0.745504	0.000667	-0.001608	-0.666499	img__0_1588262055766498800.png
1588262054291	0.020063	0.020491	-2.207446	0.725332	0.000538	-0.001678	-0.688397	img__0_1588262055850692200.png
1588262054381	0.023006	0.022333	-2.270315	0.710249	0.000428	-0.001731	-0.703948	img__0_1588262055939747400.png
1588262054471	0.026153	0.024054	-2.320050	0.700209	0.000343	-0.001766	-0.713936	img__0_1588262056032168600.png
1588262054561	0.029497	0.025640	-2.356826	0.693831	0.000280	-0.001789	-0.720136	img__0_1588262056120695400.png
1588262054645	0.032791	0.026989	-2.379568	0.690266	0.000237	-0.001802	-0.723554	img__0_1588262056206365000.png
1588262054735	0.036504	0.028288	-2.391712	0.688279	0.000204	-0.001811	-0.725444	img__0_1588262056296943400.png
1588262054825	0.040428	0.029409	-2.399983	0.684478	0.000189	-0.001815	-0.729031	img__0_1588262056386193500.png
1588262054912	0.044447	0.030297	-2.414615	0.666648	0.000201	-0.001814	-0.745370	img__0_1588262056473212200.png
1588262055005	0.048969	0.031045	-2.430803	0.627378	0.000215	-0.001809	-0.778712	img__0_1588262056565857800.png
1588262055092	0.053384	0.031564	-2.440253	0.580465	0.000188	-0.001805	-0.814283	img__0_1588262056652811400.png
1588262055176	0.057790	0.031903	-2.438620	0.545629	0.000110	-0.001806	-0.838025	img__0_1588262056738780400.png
1588262055269	0.062815	0.032081	-2.423910	0.517710	-0.000444	-0.002084	-0.855553	img__0_1588262056830005900.png
1588262055356	0.067518	0.031830	-2.398074	0.498609	-0.035322	-0.022368	-0.865818	img__0_1588262056915952400.png
1588262055440	0.069431	0.026630	-2.370432	0.483543	-0.086954	-0.052076	-0.869433	img__0_1588262057001951000.png
1588262055527	0.062777	0.006323	-2.354389	0.472665	-0.119863	-0.069933	-0.870247	img__0_1588262057088902400.png
1588262055614	0.042886	-0.035840	-2.355181	0.466241	-0.138764	-0.079147	-0.870115	img__0_1588262057174544900.png
1588262055701	0.007376	-0.102928	-2.371487	0.465003	-0.129034	-0.072714	-0.872832	img__0_1588262057263557500.png
1588262055788	-0.042590	-0.192722	-2.403654	0.468488	-0.075522	-0.043132	-0.879179	img__0_1588262057350288000.png
1588262055875	-0.100937	-0.295785	-2.444391	0.471158	-0.042482	-0.024847	-0.880675	img__0_1588262057436685400.png
1588262055962	-0.162746	-0.404477	-2.474616	0.473970	-0.023797	-0.014522	-0.880099	img__0_1588262057522559400.png
1588262056055	-0.230766	-0.523997	-2.493531	0.477440	-0.012882	-0.008523	-0.878529	img__0_1588262057615508500.png
1588262056142	-0.295351	-0.637599	-2.500136	0.481095	-0.007323	-0.005497	-0.876621	img__0_1588262057702508800.png
1588262056226	-0.358242	-0.748490	-2.512332	0.484915	-0.004304	-0.003873	-0.874542	img__0_1588262057786624400.png
1588262056310	-0.421443	-0.860325	-2.547214	0.488945	-0.002585	-0.002961	-0.872306	img__0_1588262057872120600.png
1588262056406	-0.493793	-0.988885	-2.611786	0.493732	-0.001504	-0.002399	-0.869610	img__0_1588262057968022600.png
1588262056499	-0.563846	-1.113806	-2.672182	0.498494	-0.000945	-0.002117	-0.866890	img__0_1588262058060683000.png
1588262056586	-0.629292	-1.230868	-2.716704	0.503021	-0.000656	-0.001976	-0.864272	img__0_1588262058147425800.png
1588262056670	-0.692378	-1.344040	-2.748229	0.507435	-0.000495	-0.001901	-0.861688	img__0_1588262058233236700.png
1588262056760	-0.759842	-1.465433	-2.769619	0.512193	-0.000395	-0.001858	-0.858868	img__0_1588262058320961000.png
1588262056844	-0.822682	-1.578852	-2.778085	0.515258	-0.000335	-0.001837	-0.857033	img__0_1588262058406360400.png
1588262056931	-0.887630	-1.696435	-2.775640	0.505888	-0.000279	-0.001828	-0.862597	img__0_1588262058494183400.png
1588262057021	-0.954662	-1.818210	-2.766006	0.477195	-0.000232	-0.001824	-0.878795	img__0_1588262058583474200.png
1588262057117	-1.025987	-1.948249	-2.744172	0.446587	-0.000240	-0.001816	-0.894738	img__0_1588262058679507900.png
1588262057204	-1.090476	-2.066224	-2.711993	0.426446	-0.000279	-0.001806	-0.904511	img__0_1588262058765021800.png
1588262057288	-1.152615	-2.180254	-2.669835	0.412458	-0.000325	-0.001796	-0.910975	img__0_1588262058848756200.png
1588262057372	-1.214636	-2.294407	-2.617014	0.402195	-0.000367	-0.001788	-0.915552	img__0_1588262058933448500.png
1588262057462	-1.280961	-2.416882	-2.555541	0.386907	-0.000394	-0.001782	-0.922117	img__0_1588262059023190100.png
1588262057546	-1.342748	-2.531382	-2.502161	0.355193	-0.000397	-0.001780	-0.934791	img__0_1588262059107266000.png
1588262057630	-1.404430	-2.646089	-2.457935	0.315784	-0.000420	-0.001771	-0.948829	img__0_1588262059190703400.png
1588262057717	-1.468231	-2.765049	-2.403301	0.285043	-0.000480	-0.001753	-0.958513	img__0_1588262059278983300.png
1588262057804	-1.531966	-2.884163	-2.337272	0.263055	-0.000548	-0.001733	-0.964779	img__0_1588262059364061800.png
1588262057885	-1.591261	-2.995200	-2.265722	0.248301	-0.000606	-0.001715	-0.968681	img__0_1588262059448726900.png
1588262057975	-1.657109	-3.118733	-2.175144	0.236569	-0.000660	-0.001697	-0.971613	img__0_1588262059536702800.png
1588262058056	-1.716354	-3.230072	-2.088586	0.229381	-0.000699	-0.001684	-0.973335	img__0_1588262059618514800.png
1588262058143	-1.779986	-3.349873	-2.003871	0.226943	-0.000735	-0.001670	-0.973906	img__0_1588262059704233200.png
1588262058224	-1.839234	-3.461624	-1.936099	0.229429	-0.000761	-0.001660	-0.973324	img__0_1588262059786177600.png
1588262058305	-1.898492	-3.573578	-1.878983	0.235445	-0.000778	-0.001654	-0.971886	img__0_1588262059867610000.png
1588262058389	-1.959952	-3.689887	-1.829090	0.244449	-0.000787	-0.001650	-0.969661	img__0_1588262059950594800.png
1588262058473	-2.021414	-3.806380	-1.781221	0.255464	-0.000787	-0.001650	-0.966817	img__0_1588262060033338200.png
1588262058554	-2.080674	-3.918878	-1.733864	0.267440	-0.000781	-0.001653	-0.963573	img__0_1588262060116605100.png
1588262058638	-2.142117	-4.035707	-1.682103	0.280393	-0.000768	-0.001658	-0.959884	img__0_1588262060201617300.png
1588262058722	-2.203538	-4.152686	-1.622367	0.290718	-0.000748	-0.001667	-0.956807	img__0_1588262060283331700.png
1588262058806	-2.264929	-4.269804	-1.552144	0.298165	-0.000726	-0.001677	-0.954513	img__0_1588262060367869900.png
1588262058890	-2.326316	-4.387019	-1.471599	0.303502	-0.005112	0.012198	-0.952739	img__0_1588262060452230400.png
1588262058971	-2.386719	-4.498446	-1.388366	0.306430	-0.020686	0.060926	-0.949716	img__0_1588262060534422600.png
1588262059055	-2.456037	-4.604877	-1.321381	0.306688	-0.034948	0.104964	-0.945359	img__0_1588262060617203300.png
1588262059136	-2.534215	-4.691988	-1.279545	0.305645	-0.041721	0.125320	-0.942940	img__0_1588262060698488300.png
1588262059220	-2.627682	-4.765360	-1.250683	0.305818	-0.026909	0.078895	-0.948434	img__0_1588262060782104200.png
1588262059304	-2.729931	-4.826769	-1.234791	0.304095	-0.016363	0.046010	-0.951389	img__0_1588262060866182400.png
1588262059388	-2.837160	-4.881479	-1.231609	0.301219	-0.009632	0.025172	-0.953174	img__0_1588262060949664200.png
1588262059469	-2.943199	-4.930756	-1.239451	0.297794	-0.005975	0.013981	-0.954509	img__0_1588262061032309400.png
1588262059553	-3.054710	-4.979894	-1.258679	0.293827	-0.003743	0.007243	-0.955824	img__0_1588262061114466600.png
1588262059634	-3.163078	-5.026281	-1.287895	0.289732	-0.002485	0.003499	-0.957098	img__0_1588262061197384500.png
1588262059718	-3.275934	-5.073896	-1.328640	0.285289	-0.001723	0.001264	-0.958439	img__0_1588262061281327400.png
1588262059802	-3.389019	-5.121336	-1.373294	0.280701	-0.001284	-0.000010	-0.959794	img__0_1588262061363323600.png
1588262059883	-3.498123	-5.167102	-1.411205	0.276159	0.003418	-0.016182	-0.960970	img__0_1588262061445468900.png
1588262059964	-3.605941	-5.215018	-1.440872	0.270121	0.028305	-0.103153	-0.956866	img__0_1588262061527407100.png
1588262060051	-3.715574	-5.276552	-1.461625	0.265354	0.026452	-0.095174	-0.959077	img__0_1588262061612488500.png
1588262060138	-3.818462	-5.349111	-1.469988	0.261182	0.014542	-0.052782	-0.963736	img__0_1588262061701457800.png
1588262060222	-3.914251	-5.424979	-1.466442	0.256542	0.007291	-0.027491	-0.966115	img__0_1588262061784210800.png
1588262060306	-4.008216	-5.503836	-1.451723	0.251676	0.003188	-0.013512	-0.967712	img__0_1588262061867995600.png
1588262060390	-4.101290	-5.584161	-1.425961	0.246736	0.000780	-0.005453	-0.969067	img__0_1588262061951710400.png
1588262060471	-4.190699	-5.662189	-1.390751	0.241946	-0.000574	-0.000983	-0.970289	img__0_1588262062032911600.png
1588262060552	-4.280051	-5.740318	-1.345462	0.237141	-0.001369	0.001621	-0.971473	img__0_1588262062113692500.png
1588262060633	-4.369506	-5.818282	-1.290214	0.232325	-0.001830	0.003143	-0.972631	img__0_1588262062194818700.png
1588262060714	-4.459155	-5.895923	-1.225153	0.227502	-0.002093	0.004033	-0.973767	img__0_1588262062277011000.png
1588262060792	-4.545717	-5.970298	-1.153382	0.222851	-0.002235	0.004541	-0.974839	img__0_1588262062355252800.png
1588262060870	-4.632532	-6.044235	-1.072912	0.218194	-0.002311	0.004847	-0.975891	img__0_1588262062434217500.png
1588262060951	-4.723046	-6.120424	-0.991504	0.213351	-0.002347	0.005039	-0.976960	img__0_1588262062514979900.png
1588262061032	-4.814097	-6.195769	-0.936577	0.208502	-0.002358	0.005155	-0.978005	img__0_1588262062595594800.png
1588262061113	-4.905750	-6.270164	-0.917348	0.203648	-0.002354	0.005228	-0.979027	img__0_1588262062676516400.png
1588262061194	-4.998009	-6.343584	-0.934695	0.198788	-0.002341	0.005275	-0.980026	img__0_1588262062755791700.png
1588262061272	-5.087418	-6.413349	-0.986117	0.194103	-0.002323	0.005307	-0.980964	img__0_1588262062834618400.png
1588262061353	-5.039551	-6.388739	-0.992807	0.187646	-0.002065	0.005392	-0.982220	img__0_1588262062916567600.png
1588262061434	-5.030431	-6.414642	-1.113373	0.181117	-0.002129	0.005385	-0.983445	img__0_1588262062997729100.png
1588262061518	-5.021616	-6.440475	-1.274752	0.174812	-0.002165	0.005387	-0.984585	img__0_1588262063080399700.png
1588262061596	-5.014008	-6.463535	-1.456414	0.169267	-0.002169	0.005394	-0.985553	img__0_1588262063160522600.png
1588262061680	-5.006413	-6.487398	-1.683018	0.163534	-0.002156	0.005404	-0.986521	img__0_1588262063244082500.png
1588262061764	-4.999284	-6.510488	-1.917390	0.157981	-0.002135	0.005415	-0.987425	img__0_1588262063325234400.png
1588262061842	-4.992948	-6.531447	-2.120703	0.152940	-0.002111	0.005426	-0.988218	img__0_1588262063403828400.png
1588262061920	-4.992882	-6.531506	-2.085068	0.148377	-0.000973	0.005570	-0.988915	img__0_1588262063484066000.png
1588262062004	-4.992999	-6.530897	-2.061896	0.144538	-0.001225	0.005574	-0.989483	img__0_1588262063567817300.png
1588262062088	-4.992450	-6.532623	-2.060485	0.141295	-0.001514	0.005556	-0.989951	img__0_1588262063650256400.png
1588262062172	-4.988824	-6.544089	-2.051899	0.137694	-0.001707	0.005523	-0.990458	img__0_1588262063733423100.png
1588262062250	-4.985712	-6.554190	-2.034038	0.133969	-0.001808	0.005510	-0.990969	img__0_1588262063814136200.png
1588262062334	-4.982643	-6.564482	-2.004205	0.129660	-0.001862	0.005504	-0.991542	img__0_1588262063897656900.png
1588262062418	-4.979874	-6.574165	-1.963467	0.125130	-0.001575	0.003065	-0.992134	img__0_1588262063980074600.png
1588262062496	-4.977434	-6.583145	-1.915968	0.120637	0.005934	-0.057819	-0.990994	img__0_1588262064060567700.png
1588262062580	-4.973371	-6.599167	-1.853975	0.114793	0.016907	-0.147366	-0.982252	img__0_1588262064141784400.png
1588262062661	-4.966047	-6.629167	-1.782036	0.110562	0.013376	-0.114421	-0.987170	img__0_1588262064222703700.png
1588262062745	-4.955315	-6.673803	-1.695408	0.106077	0.007462	-0.064211	-0.992254	img__0_1588262064307277800.png
1588262062823	-4.943762	-6.722256	-1.605378	0.101566	0.003735	-0.033811	-0.994247	img__0_1588262064386982200.png
1588262062907	-4.930473	-6.778362	-1.498817	0.096555	0.001336	-0.015048	-0.995213	img__0_1588262064470851300.png
1588262062994	-4.916333	-6.838442	-1.378421	0.091306	-0.000116	-0.004115	-0.995814	img__0_1588262064556115100.png
1588262063081	-4.902145	-6.899109	-1.248210	0.086032	-0.000949	0.002034	-0.996290	img__0_1588262064641538000.png
1588262063162	-4.889056	-6.955396	-1.118476	0.081110	-0.001391	0.005295	-0.996690	img__0_1588262064724387800.png
1588262063249	-4.875226	-7.015194	-0.970334	0.075814	-0.001653	0.007303	-0.997094	img__0_1588262064813135300.png
1588262063336	-4.861686	-7.074044	-0.813757	0.070511	-0.001784	0.008432	-0.997474	img__0_1588262064898869500.png
1588262063420	-4.849012	-7.129459	-0.675702	0.065385	-0.001837	0.009051	-0.997817	img__0_1588262064984760600.png
1588262063504	-4.836896	-7.182813	-0.583337	0.060255	-0.001848	0.009409	-0.998137	img__0_1588262065068954800.png
1588262063591	-4.824944	-7.235772	-0.537838	0.054938	-0.001833	0.009622	-0.998442	img__0_1588262065154169800.png
1588262063678	-4.813518	-7.286607	-0.529029	0.049619	-0.001801	0.009746	-0.998719	img__0_1588262065240890700.png
1588262063762	-4.802788	-7.334405	-0.515869	0.044480	-0.001763	0.009817	-0.998961	img__0_1588262065326344200.png
1588262063849	-4.791947	-7.382701	-0.490616	0.039156	-0.001717	0.009863	-0.999183	img__0_1588262065413870400.png
1588262063939	-4.781031	-7.431259	-0.457193	0.033646	-0.001667	0.009893	-0.999383	img__0_1588262065501276600.png
1588262064020	-4.771574	-7.473138	-0.451169	0.028687	-0.001620	0.009912	-0.999538	img__0_1588262065583902300.png
1588262064104	-4.762095	-7.514874	-0.462280	0.023542	-0.001570	0.009927	-0.999672	img__0_1588262065668765800.png
1588262064191	-4.752513	-7.556807	-0.465596	0.018213	-0.001518	0.009939	-0.999784	img__0_1588262065753903400.png
1588262064278	-4.743204	-7.597133	-0.475126	0.012884	-0.001466	0.009949	-0.999866	img__0_1588262065840416200.png
1588262064362	-4.734488	-7.634373	-0.498764	0.007738	-0.001415	0.009957	-0.999920	img__0_1588262065924736800.png
1588262064449	-4.725652	-7.671660	-0.514215	0.002407	-0.001362	0.010210	-0.999944	img__0_1588262066012413300.png
1588262064536	-4.717024	-7.707092	-0.530463	-0.002982	-0.001244	0.053549	-0.998560	img__0_1588262066099431700.png
1588262064623	-4.708554	-7.734820	-0.547159	-0.008422	-0.000867	0.147903	-0.988966	img__0_1588262066185758400.png
1588262064713	-4.699748	-7.745198	-0.550023	-0.013992	-0.000958	0.161067	-0.986844	img__0_1588262066274628700.png
1588262064806	-4.690491	-7.734436	-0.536191	-0.019694	-0.001683	0.089863	-0.995758	img__0_1588262066367573000.png
1588262064893	-4.681802	-7.712062	-0.509751	-0.025030	-0.001793	0.050103	-0.998429	img__0_1588262066456245600.png
1588262064980	-4.673176	-7.683143	-0.471194	-0.030361	-0.001717	0.027317	-0.999164	img__0_1588262066545198900.png
1588262065070	-4.664369	-7.649467	-0.418956	-0.035875	-0.001580	0.014395	-0.999251	img__0_1588262066634295200.png
1588262065157	-4.655990	-7.614965	-0.356762	-0.041204	-0.001463	0.007441	-0.999122	img__0_1588262066722063500.png
1588262065250	-4.647201	-7.576973	-0.281004	-0.046899	-0.001369	0.003363	-0.998893	img__0_1588262066814470400.png
1588262065337	-4.639230	-7.540722	-0.236685	-0.052225	-0.001311	0.001274	-0.998634	img__0_1588262066901371700.png
1588262065427	-4.631309	-7.502854	-0.242997	-0.057732	-0.001272	0.000079	-0.998331	img__0_1588262066990176900.png
1588262065514	-4.623972	-7.466198	-0.300224	-0.063054	-0.001251	-0.000558	-0.998009	img__0_1588262067078629700.png
1588262065604	-4.616719	-7.428405	-0.411532	-0.068557	-0.001240	-0.000921	-0.997646	img__0_1588262067167303800.png
1588262065691	-4.610032	-7.392082	-0.568093	-0.073874	-0.001236	-0.001112	-0.997266	img__0_1588262067255113500.png
1588262065778	-4.603644	-7.355995	-0.763693	-0.079189	-0.001236	-0.001216	-0.996858	img__0_1588262067343031300.png
1588262065868	-4.597231	-7.318834	-0.960548	-0.084685	-0.001239	-0.001273	-0.996406	img__0_1588262067431721400.png
1588262065958	-4.590998	-7.281898	-1.140043	-0.090104	-0.003829	-0.030119	-0.995469	img__0_1588262067521320400.png
1588262066048	-4.585731	-7.249432	-1.302765	-0.094676	-0.013510	-0.135897	-0.986096	img__0_1588262067612716300.png
1588262066144	-4.583591	-7.232340	-1.456856	-0.100362	-0.014490	-0.149412	-0.983562	img__0_1588262067706837300.png
1588262066240	-4.585637	-7.236097	-1.590820	-0.107067	-0.007812	-0.081351	-0.990887	img__0_1588262067802878000.png
1588262066339	-4.590386	-7.252805	-1.710463	-0.113412	-0.004028	-0.039881	-0.992739	img__0_1588262067902640700.png
1588262066426	-4.595964	-7.273077	-1.801234	-0.118800	-0.002451	-0.020969	-0.992694	img__0_1588262067990884400.png
1588262066519	-4.602207	-7.297644	-1.883999	-0.124497	-0.001571	-0.009628	-0.992172	img__0_1588262068083044400.png
1588262066609	-4.608829	-7.322773	-1.950417	-0.129984	-0.001145	-0.003699	-0.991509	img__0_1588262068173106000.png
1588262066702	-4.615906	-7.349268	-2.005189	-0.135640	-0.000919	-0.000355	-0.990758	img__0_1588262068266441400.png
1588262066795	-4.623122	-7.375819	-2.046083	-0.141288	-0.000800	0.001446	-0.989967	img__0_1588262068360679800.png
1588262066891	-4.630660	-7.403005	-2.073900	-0.147112	-0.000732	0.002439	-0.989117	img__0_1588262068455207900.png
1588262066987	-4.638253	-7.429814	-2.087198	-0.152929	-0.000690	0.002966	-0.988232	img__0_1588262068550253300.png
1588262067080	-4.645643	-7.455348	-2.086288	-0.158545	-0.002189	-0.006294	-0.987329	img__0_1588262068645879300.png
1588262067179	-4.654222	-7.484087	-2.070348	-0.163806	-0.015432	-0.087521	-0.982481	img__0_1588262068742025600.png
1588262067275	-4.666758	-7.523812	-2.039004	-0.169030	-0.020451	-0.119226	-0.978159	img__0_1588262068839239600.png
1588262067374	-4.685902	-7.582287	-1.989417	-0.175840	-0.012447	-0.072399	-0.981674	img__0_1588262068938250200.png
1588262067476	-4.709990	-7.654602	-1.921519	-0.182380	-0.006618	-0.036900	-0.982513	img__0_1588262069039826900.png
1588262067578	-4.736482	-7.733313	-1.837654	-0.188639	-0.003914	-0.019450	-0.981846	img__0_1588262069140030200.png
1588262067680	-4.764340	-7.815386	-1.740404	-0.194815	-0.002594	-0.010458	-0.980781	img__0_1588262069244795900.png
1588262067782	-4.793110	-7.899417	-1.639578	-0.200958	-0.001964	-0.005887	-0.979580	img__0_1588262069347022300.png
1588262067884	-4.822500	-7.984528	-1.537184	-0.207084	-0.001667	-0.003567	-0.978315	img__0_1588262069447552900.png
1588262067983	-4.851469	-8.067719	-1.436391	-0.213018	-0.001532	-0.002410	-0.977044	img__0_1588262069548528000.png
1588262068085	-4.881693	-8.153792	-1.331138	-0.219122	-0.001468	-0.001795	-0.975695	img__0_1588262069651040900.png
1588262068187	-4.912263	-8.240108	-1.225028	-0.225216	-0.001442	-0.001478	-0.974307	img__0_1588262069751445500.png
1588262068286	-4.942268	-8.324059	-1.129543	-0.231125	-0.000909	0.000903	-0.972923	img__0_1588262069852038300.png
1588262068394	-4.975109	-8.415182	-1.054748	-0.237558	0.000574	0.007218	-0.971346	img__0_1588262069956184500.png
1588262068493	-5.004641	-8.496953	-1.016837	-0.243437	0.002084	0.013393	-0.969822	img__0_1588262070056146800.png
1588262068595	-5.033612	-8.577803	-1.008757	-0.249440	0.005596	0.027237	-0.967991	img__0_1588262070158355300.png
1588262068694	-5.058704	-8.650066	-1.030926	-0.255234	0.008372	0.037885	-0.966101	img__0_1588262070259923300.png
1588262068799	-5.080490	-8.717342	-1.086390	-0.261404	0.009933	0.043428	-0.964201	img__0_1588262070363072900.png
1588262068901	-5.096035	-8.772141	-1.171398	-0.267413	0.010826	0.046104	-0.962418	img__0_1588262070465413200.png
1588262069003	-5.105762	-8.816318	-1.282149	-0.273429	0.011420	0.047428	-0.960654	img__0_1588262070566777100.png
1588262069102	-5.110855	-8.851465	-1.382744	-0.279267	0.011854	0.048050	-0.958937	img__0_1588262070668495800.png
1588262069204	-5.112022	-8.880620	-1.468976	-0.285421	0.008166	0.034601	-0.957743	img__0_1588262070770182200.png
1588262069306	-5.110126	-8.904441	-1.537882	-0.291521	0.003200	0.016861	-0.956411	img__0_1588262070870821600.png
1588262069411	-5.106658	-8.926103	-1.591201	-0.297692	0.000759	0.007860	-0.954629	img__0_1588262070973245000.png
1588262069513	-5.102701	-8.945788	-1.626164	-0.303655	-0.000393	0.003487	-0.952775	img__0_1588262071078124000.png
1588262069615	-5.098603	-8.964843	-1.644703	-0.309603	-0.000963	0.001266	-0.950865	img__0_1588262071179943400.png
1588262069720	-5.094465	-8.984166	-1.646721	-0.315713	-0.001253	0.000120	-0.948854	img__0_1588262071285718500.png
1588262069822	-5.090639	-9.002832	-1.632130	-0.321635	-0.001393	-0.000434	-0.946863	img__0_1588262071386523100.png
1588262069930	-5.086857	-9.022581	-1.598974	-0.327893	-0.001467	-0.000721	-0.944713	img__0_1588262071496246700.png
1588262070032	-5.083571	-9.041268	-1.551077	-0.333791	-0.001505	-0.000851	-0.942646	img__0_1588262071597604100.png
1588262070134	-5.080578	-9.060002	-1.487276	-0.339675	-0.001526	-0.000912	-0.940541	img__0_1588262071699918200.png
1588262070239	-5.077812	-9.079347	-1.405266	-0.345718	-0.001540	-0.000939	-0.938337	img__0_1588262071803268600.png
1588262070338	-5.076074	-9.096919	-1.321280	-0.350765	-0.057788	0.034968	-0.934024	img__0_1588262071904478600.png
1588262070446	-5.088383	-9.097714	-1.275177	-0.353997	-0.139226	0.092364	-0.920202	img__0_1588262072009242100.png
1588262070554	-5.131010	-9.055786	-1.276992	-0.363939	-0.102311	0.072385	-0.922953	img__0_1588262072119406700.png
1588262070665	-5.199946	-8.974599	-1.334555	-0.372951	-0.049736	0.033515	-0.925911	img__0_1588262072231039600.png
1588262070776	-5.281908	-8.874039	-1.446493	-0.380174	-0.024465	0.015184	-0.924467	img__0_1588262072339051000.png
1588262070881	-5.363149	-8.773686	-1.541214	-0.386509	-0.012902	0.006939	-0.922170	img__0_1588262072447303400.png
1588262070989	-5.448439	-8.668292	-1.619434	-0.392826	-0.007075	0.002851	-0.919581	img__0_1588262072554767000.png
1588262071094	-5.532315	-8.564843	-1.677274	-0.398868	-0.004308	0.000941	-0.916998	img__0_1588262072658554300.png
1588262071202	-5.619192	-8.458016	-1.718364	-0.404997	0.005816	-0.003867	-0.914292	img__0_1588262072767648500.png
1588262071301	-5.697955	-8.361358	-1.739785	-0.408868	0.081402	-0.037756	-0.908171	img__0_1588262072867706000.png
1588262071409	-5.773851	-8.267544	-1.744034	-0.414572	0.090190	-0.041329	-0.904593	img__0_1588262072973708600.png
1588262071511	-5.833827	-8.192507	-1.729413	-0.421843	0.045690	-0.021272	-0.905267	img__0_1588262073073924400.png
1588262071610	-5.886328	-8.126447	-1.699234	-0.427759	0.023859	-0.011650	-0.903503	img__0_1588262073176402500.png
1588262071715	-5.938911	-8.060244	-1.650544	-0.433696	0.012126	-0.006594	-0.900953	img__0_1588262073281878500.png
1588262071820	-5.989896	-7.996233	-1.584988	-0.439459	0.015487	-0.008637	-0.898088	img__0_1588262073386133200.png
1588262071925	-6.038618	-7.935422	-1.502816	-0.444336	0.057815	-0.029645	-0.893501	img__0_1588262073490327300.png
1588262072030	-6.082052	-7.881841	-1.404132	-0.450947	0.020503	-0.011152	-0.892245	img__0_1588262073595102000.png
1588262072132	-6.121609	-7.833566	-1.293098	-0.456645	0.005711	-0.003965	-0.889622	img__0_1588262073698162100.png
1588262072237	-6.161613	-7.785145	-1.163707	-0.462376	-0.002026	-0.000243	-0.886681	img__0_1588262073803324800.png
1588262072348	-6.204223	-7.733904	-1.010821	-0.468392	-0.005979	0.001655	-0.883499	img__0_1588262073912842100.png
1588262072450	-6.244158	-7.686100	-0.856264	-0.473899	-0.007737	0.002516	-0.880542	img__0_1588262074016768500.png
1588262072561	-6.288728	-7.632929	-0.673389	-0.479873	-0.008664	0.002999	-0.877290	img__0_1588262074125638600.png
1588262072669	-6.333325	-7.579849	-0.481427	-0.485666	-0.009083	0.003252	-0.874091	img__0_1588262074233702800.png
1588262072780	-6.380480	-7.523799	-0.270426	-0.491599	-0.009278	0.003407	-0.870766	img__0_1588262074346774400.png
1588262072885	-6.383103	-7.520681	-0.258323	0.494675	0.000000	0.000000	0.869078	img__0_1588262074450644300.png
1588262072993	-6.383103	-7.520681	-0.258323	0.494675	0.000000	0.000000	0.869078	img__0_1588262074559717000.png
1588262073101	-6.383103	-7.520681	-0.258323	0.494675	0.000000	0.000000	0.869078	img__0_1588262074666328900.png
1588262073209	-6.383103	-7.520681	-0.258323	0.494675	0.000000	0.000000	0.869078	img__0_1588262074773352500.png
1588262073317	-6.383103	-7.520681	-0.258323	0.494675	0.000000	0.000000	0.869078	img__0_1588262074882818200.png
1588262073425	-6.383103	-7.520681	-0.258323	0.494675	0.000000	0.000000	0.869078	img__0_1588262074989460700.png
1588262073530	-6.383150	-7.520624	-0.266779	0.495104	0.003470	-0.001382	0.868826	img__0_1588262075097221800.png
1588262073635	-6.383938	-7.519650	-0.332396	0.496570	0.006510	-0.002568	0.867969	img__0_1588262075202495700.png
1588262073746	-6.386146	-7.516902	-0.448354	0.484567	0.008025	-0.003266	0.874711	img__0_1588262075311433700.png
1588262073851	-6.389380	-7.512887	-0.554160	0.440223	0.008638	-0.003680	0.897839	img__0_1588262075418160500.png
1588262073959	-6.393869	-7.507419	-0.645221	0.358039	0.008915	-0.003799	0.933656	img__0_1588262075525461800.png
1588262074064	-6.399504	-7.500877	-0.715393	0.272196	0.009153	-0.003397	0.962192	img__0_1588262075629896000.png
1588262074166	-6.406332	-7.493520	-0.766491	0.214355	0.009437	-0.002653	0.976707	img__0_1588262075731952800.png
1588262074265	-6.414366	-7.485618	-0.800220	0.176057	0.009671	-0.001922	0.984331	img__0_1588262075832100200.png
1588262074364	-6.423876	-7.477128	-0.818461	0.149887	0.009838	-0.001298	0.988653	img__0_1588262075930881200.png
1588262074466	-6.435281	-7.467911	-0.821139	0.131593	0.009949	-0.000793	0.991254	img__0_1588262076033272500.png
1588262074559	-6.447133	-7.459188	-0.809346	0.120162	0.010010	-0.000444	0.992704	img__0_1588262076126705300.png
1588262074655	-6.460843	-7.449934	-0.782978	0.111961	0.010047	-0.000177	0.993662	img__0_1588262076219991400.png
1588262074745	-6.475071	-7.441077	-0.745247	0.105019	0.010067	-0.000007	0.994419	img__0_1588262076312459500.png
1588262074838	-6.491179	-7.431774	-0.693165	0.078959	0.010074	-0.000017	0.996827	img__0_1588262076403697700.png
1588262074931	-6.508727	-7.422357	-0.628024	0.020690	0.010055	-0.000090	0.999735	img__0_1588262076496557900.png
1588262075018	-6.526500	-7.413509	-0.557974	-0.053431	0.009955	0.000824	0.998522	img__0_1588262076584263500.png
1588262075105	-6.545539	-7.405715	-0.480331	-0.115920	0.019114	0.081306	0.989741	img__0_1588262076670577500.png
1588262075189	-6.564835	-7.407456	-0.395896	-0.159573	0.023155	0.165106	0.973006	img__0_1588262076754301700.png
1588262075267	-6.582612	-7.425468	-0.307889	-0.189963	0.020845	0.110684	0.975310	img__0_1588262076834954800.png
1588262075348	-6.569399	-7.410828	-0.373995	0.192290	0.000000	0.000000	-0.981338	img__0_1588262076915508700.png
1588262075426	-6.569399	-7.410828	-0.373995	0.192290	0.000000	0.000000	-0.981338	img__0_1588262076993503700.png
1588262075504	-6.569399	-7.410828	-0.373995	0.192290	0.000000	0.000000	-0.981338	img__0_1588262077069400200.png
1588262075579	-6.569399	-7.410828	-0.373995	0.192290	0.000000	0.000000	-0.981338	img__0_1588262077145818300.png
1588262075657	-6.569399	-7.410828	-0.373995	0.192290	0.000000	0.000000	-0.981338	img__0_1588262077222041700.png
1588262075732	-6.569399	-7.410828	-0.373995	0.192290	0.000000	0.000000	-0.981338	img__0_1588262077298323200.png
1588262075810	-6.569399	-7.410828	-0.373995	0.192290	0.000000	0.000000	-0.981338	img__0_1588262077375611200.png
1588262075852	-6.569399	-7.410828	-0.373995	0.192290	0.000000	0.000000	-0.981338	img__0_1588262077418165000.png
1588262075927	-6.569399	-7.410828	-0.373995	0.192290	0.000000	0.000000	-0.981338	img__0_1588262077494250100.png
1588262075972	-6.569399	-7.410828	-0.373995	0.192290	0.000000	0.000000	-0.981338	img__0_1588262077537178800.png
1588262076047	-6.569399	-7.410828	-0.373995	0.192290	0.000000	0.000000	-0.981338	img__0_1588262077612422500.png
1588262076125	-6.569399	-7.410828	-0.373995	0.192290	0.000000	0.000000	-0.981338	img__0_1588262077688801800.png
1588262076167	-6.569399	-7.410828	-0.373995	0.192290	0.000000	0.000000	-0.981338	img__0_1588262077732198400.png
1588262076242	-6.569399	-7.410828	-0.373995	0.192290	0.000000	0.000000	-0.981338	img__0_1588262077808759000.png
1588262076323	-6.569399	-7.410828	-0.373995	0.192290	0.000000	0.000000	-0.981338	img__0_1588262077888283600.png
1588262076401	-6.569399	-7.410828	-0.373995	0.192290	0.000000	0.000000	-0.981338	img__0_1588262077967032500.png
1588262076476	-6.569399	-7.410828	-0.373995	0.192290	0.000000	0.000000	-0.981338	img__0_1588262078043854900.png
1588262076554	-6.569399	-7.410828	-0.373995	0.192290	0.000000	0.000000	-0.981338	img__0_1588262078119719100.png
1588262076632	-6.569399	-7.410828	-0.373995	0.192290	0.000000	0.000000	-0.981338	img__0_1588262078197122900.png
1588262076710	-6.569399	-7.410828	-0.373995	0.192290	0.000000	0.000000	-0.981338	img__0_1588262078275942900.png
1588262076785	-6.569399	-7.410828	-0.373995	0.192290	0.000000	0.000000	-0.981338	img__0_1588262078353127300.png
