TimeStamp	POS_X	POS_Y	POS_Z	Q_W	Q_X	Q_Y	Q_Z	ImageFile
1588185356497	0.000000	0.000000	-0.146496	0.999995	0.000000	0.000000	0.003168	img__0_1588185357622021200.png
1588185356764	0.000000	0.000000	-0.146496	0.999995	0.000000	0.000000	0.003168	img__0_1588185357893449600.png
1588185357046	0.000000	0.000000	-0.146496	0.999995	0.000000	0.000000	0.003168	img__0_1588185358173642900.png
1588185357202	0.000000	0.000000	-0.146496	0.999995	0.000000	0.000000	0.003168	img__0_1588185358330705100.png
1588185357358	0.000000	0.000000	-0.146496	0.999995	0.000000	0.000000	0.003168	img__0_1588185358485637400.png
1588185357754	0.000000	0.000000	-0.146496	0.999995	0.000000	0.000000	0.003168	img__0_1588185358883014100.png
1588185357931	0.000016	0.000021	-0.146693	0.999992	0.000699	-0.000541	0.003973	img__0_1588185359061149800.png
1588185358135	0.000421	0.000540	-0.148522	0.999953	0.001240	-0.000988	0.009526	img__0_1588185359265665600.png
1588185358351	0.001698	0.002178	-0.152549	0.999830	0.001390	-0.001098	0.018384	img__0_1588185359478827600.png
1588185358672	0.005407	0.007011	-0.162504	0.999428	0.001444	-0.001111	0.033763	img__0_1588185359802293100.png
1588185358831	0.008046	0.010510	-0.169193	0.999126	0.001455	-0.001103	0.041769	img__0_1588185359960556000.png
1588185358999	0.011398	0.015019	-0.177526	0.998730	0.001465	-0.001092	0.050340	img__0_1588185360128121900.png
1588185359158	0.015091	0.020065	-0.186610	0.998285	0.001474	-0.001081	0.058506	img__0_1588185360285618400.png
1588185359359	0.020468	0.027538	-0.199761	0.997624	0.001486	-0.001066	0.068864	img__0_1588185360488343700.png
1588185359710	0.031797	0.043770	-0.291846	0.996208	0.001505	-0.001039	0.086979	img__0_1588185360841208300.png
1588185359959	0.041385	0.057987	-0.476462	0.995003	0.001518	-0.001019	0.099825	img__0_1588185361087703400.png
1588185360121	0.048282	0.068459	-0.649999	0.994130	0.001526	-0.001007	0.108175	img__0_1588185361249210200.png
1588185360280	0.055537	0.079682	-0.860456	0.993205	0.001535	-0.000994	0.116364	img__0_1588185361410146200.png
1588185360484	0.065520	0.095453	-1.185352	0.991919	0.001545	-0.000978	0.126860	img__0_1588185361615961300.png
1588185360763	0.080265	0.119370	-1.677318	0.989981	0.001559	-0.000955	0.141192	img__0_1588185361893775600.png
1588185360961	0.091344	0.137753	-1.983710	0.988479	0.001569	-0.000939	0.151345	img__0_1588185362090573300.png
1588185361135	0.101471	0.154850	-2.213798	0.987058	0.002361	-0.005760	0.160245	img__0_1588185362265910800.png
1588185361300	0.114381	0.172897	-2.399718	0.985228	0.006263	-0.029447	0.168579	img__0_1588185362433328500.png
1588185361735	0.220327	0.249428	-2.747031	0.980613	0.009337	-0.044164	0.190686	img__0_1588185362867522800.png
1588185361954	0.324599	0.309208	-2.848135	0.978347	0.009920	-0.044702	0.201844	img__0_1588185363085110300.png
1588185362132	0.437147	0.370178	-2.924583	0.976440	0.010346	-0.044742	0.210847	img__0_1588185363263727600.png
1588185362303	0.573461	0.442054	-3.038942	0.974732	0.009662	-0.039850	0.219580	img__0_1588185363433771400.png
1588185362504	0.764306	0.541708	-3.229172	0.972764	0.007683	-0.028985	0.229850	img__0_1588185363635099100.png
1588185362924	1.236174	0.789813	-3.809733	0.967787	0.005659	-0.017700	0.251083	img__0_1588185364053425800.png
1588185363101	1.455918	0.907004	-4.122102	0.965569	0.003366	-0.008095	0.260001	img__0_1588185364233580000.png
1588185363290	1.696014	1.036290	-4.495604	0.963004	0.002121	-0.002806	0.269464	img__0_1588185364420229600.png
1588185363638	2.141042	1.279207	-5.279324	0.957990	0.001722	-0.000910	0.286794	img__0_1588185364771151500.png
1588185363962	2.555229	1.508737	-5.993565	0.953039	0.001699	-0.000707	0.302843	img__0_1588185365094624800.png
1588185364145	2.788776	1.639326	-6.295827	0.950123	0.001703	-0.000675	0.311870	img__0_1588185365275056900.png
1588185364325	3.018187	1.768446	-6.526748	0.947172	0.001708	-0.000654	0.320722	img__0_1588185365459060100.png
1588185364706	3.502708	2.043987	-6.814812	0.940653	0.001721	-0.000619	0.339365	img__0_1588185365838196900.png
1588185364871	3.712065	2.164266	-6.859066	0.937716	0.001726	-0.000604	0.347398	img__0_1588185366004775300.png
1588185365072	3.966618	2.311498	-6.848862	0.933149	-0.014110	0.040923	0.356875	img__0_1588185366204607500.png
1588185365339	4.253776	2.462766	-6.720050	0.903157	-0.082813	0.217589	0.360700	img__0_1588185366472367700.png
1588185365744	4.335978	2.363432	-6.192067	0.915136	-0.036327	0.096818	0.389657	img__0_1588185366879419400.png
1588185365849	4.299915	2.282759	-5.998034	0.916812	-0.016664	0.047536	0.396130	img__0_1588185366981177100.png
1588185366107	4.187345	2.062819	-5.460808	0.912622	-0.001308	0.007974	0.408725	img__0_1588185367240823700.png
1588185366449	4.024643	1.762036	-4.638200	0.905283	0.001487	0.000390	0.424806	img__0_1588185367583047300.png
1588185366656	3.924843	1.580926	-4.089336	0.900676	0.001709	-0.000228	0.434487	img__0_1588185367789961800.png
1588185366836	3.837827	1.424622	-3.585761	0.896584	0.001760	-0.000359	0.442869	img__0_1588185367969117300.png
1588185367151	3.685151	1.154042	-2.676995	0.889235	0.001784	-0.000385	0.457448	img__0_1588185368285845200.png
1588185367469	3.531558	0.886877	-1.834133	0.881315	0.012885	-0.021393	0.471869	img__0_1588185368603813700.png
1588185367658	3.453378	0.750360	-1.376579	0.864000	0.082547	-0.150026	0.473478	img__0_1588185368793309600.png
1588185367853	3.432757	0.704508	-0.882950	0.844410	0.120188	-0.217277	0.474676	img__0_1588185368987629200.png
1588185368099	3.524772	0.837865	-0.196189	0.862414	0.038353	-0.068705	0.500050	img__0_1588185369233218800.png
1588185368429	3.512526	0.819773	-0.274866	0.860770	0.000000	0.000000	0.508994	img__0_1588185369565559600.png
1588185368666	3.512526	0.819773	-0.274866	0.860770	0.000000	0.000000	0.508994	img__0_1588185369803434700.png
1588185368840	3.512526	0.819773	-0.274866	0.860770	0.000000	0.000000	0.508994	img__0_1588185369976687900.png
1588185369041	3.512526	0.819773	-0.274866	0.860770	0.000000	0.000000	0.508994	img__0_1588185370177872100.png
1588185369326	3.512526	0.819773	-0.274866	0.860770	0.000000	0.000000	0.508994	img__0_1588185370461558400.png
1588185369758	3.512526	0.819773	-0.274866	0.860770	0.000000	0.000000	0.508994	img__0_1588185370894100200.png
1588185369935	3.512501	0.819829	-0.291889	0.860172	0.000992	-0.000143	0.510003	img__0_1588185371069671600.png
1588185370106	3.512221	0.820493	-0.384056	0.857734	0.001550	-0.000221	0.514092	img__0_1588185371243312600.png
1588185370445	3.510311	0.824995	-0.803917	0.850232	0.001785	-0.000240	0.526405	img__0_1588185371583444000.png
1588185370796	3.506155	0.834518	-1.542004	0.840972	0.001813	-0.000216	0.541076	img__0_1588185371933062300.png
1588185370967	3.503289	0.840912	-1.997646	0.836219	0.001817	-0.000202	0.548392	img__0_1588185372103047700.png
1588185371162	3.499335	0.849554	-2.581410	0.830677	0.001819	-0.000184	0.556752	img__0_1588185372299753600.png
1588185371624	3.487140	0.875224	-4.094124	0.817139	0.001823	-0.000141	0.576438	img__0_1588185372760677500.png
1588185371801	3.481407	0.886883	-4.696145	0.817117	0.001825	-0.000114	0.576468	img__0_1588185372941155400.png
1588185371984	3.474962	0.899783	-5.266784	0.822546	0.001825	-0.000108	0.568696	img__0_1588185373121162900.png
1588185372251	3.464752	0.919936	-5.935881	0.827006	0.001824	-0.000126	0.562191	img__0_1588185373390660400.png
1588185372629	3.448640	0.951354	-6.597968	0.879180	0.001816	-0.000155	0.476486	img__0_1588185373767435000.png
1588185372815	3.440078	0.968154	-6.816470	0.895005	0.001803	-0.000267	0.446053	img__0_1588185373952559000.png
1588185373004	3.431055	0.986198	-6.971975	0.902797	0.001792	-0.000348	0.430063	img__0_1588185374141665100.png
1588185373184	3.422217	1.004321	-7.060232	0.906721	0.001784	-0.000394	0.421726	img__0_1588185374322928300.png
1588185373628	3.405825	1.060157	-7.034850	0.898521	0.070295	-0.151338	0.405974	img__0_1588185374766854800.png
1588185373808	3.452442	1.145487	-6.927869	0.908259	0.040541	-0.085538	0.407561	img__0_1588185374947850700.png
1588185374078	3.601352	1.366247	-6.851962	0.913562	0.008127	-0.014252	0.406368	img__0_1588185375214935100.png
1588185374471	3.850904	1.730781	-6.831018	0.915488	0.002221	-0.001431	0.402336	img__0_1588185375611269200.png
1588185374846	4.090748	2.085656	-6.587590	0.917154	0.001803	-0.000549	0.398528	img__0_1588185375986598100.png
1588185375029	4.207383	2.260139	-6.384998	0.917956	0.001776	-0.000498	0.396677	img__0_1588185376171226100.png
1588185375215	4.325601	2.438305	-6.126436	0.918767	0.001768	-0.000486	0.394796	img__0_1588185376355389400.png
1588185375578	4.530171	2.762120	-5.480976	0.906452	-0.066538	0.159211	0.385447	img__0_1588185376719738500.png
1588185375764	4.559260	2.850823	-5.074454	0.918502	-0.028417	0.069705	0.388186	img__0_1588185376904596600.png
1588185375923	4.553813	2.896048	-4.694002	0.921531	-0.008602	0.023450	0.387499	img__0_1588185377065398300.png
1588185376589	4.479185	3.041342	-2.869389	0.924642	0.001639	-0.000242	0.380834	img__0_1588185377729427000.png
1588185376985	4.429880	3.130292	-1.653617	0.926291	0.001747	-0.000496	0.376804	img__0_1588185378126775600.png
1588185377192	4.403872	3.178856	-0.990623	0.927146	0.001752	-0.000514	0.374695	img__0_1588185378335546000.png
1588185377384	4.379630	3.225203	-0.362229	0.927935	0.001752	-0.000521	0.372737	img__0_1588185378526765100.png
1588185377561	4.357188	3.269047	0.226770	0.928659	0.001752	-0.000525	0.370930	img__0_1588185378701818400.png
1588185377876	4.372264	3.239501	-0.169574	0.928808	0.000000	0.000000	0.370562	img__0_1588185379018511600.png
1588185378164	4.372264	3.239501	-0.169574	0.928808	0.000000	0.000000	0.370562	img__0_1588185379305525000.png
1588185378335	4.372264	3.239501	-0.169574	0.928808	0.000000	0.000000	0.370562	img__0_1588185379477507200.png
1588185378497	4.372264	3.239501	-0.169574	0.928808	0.000000	0.000000	0.370562	img__0_1588185379637780900.png
1588185378659	4.372262	3.239542	-0.177654	0.928882	0.000904	-0.000267	0.370374	img__0_1588185379804364700.png
1588185378959	4.366548	3.247299	-0.246521	0.918624	0.143784	0.051745	0.364388	img__0_1588185380103983400.png
1588185379259	4.267659	3.364403	-0.156875	0.930659	0.035982	0.002546	0.364106	img__0_1588185380403171900.png
1588185379442	4.360610	3.254275	-0.245210	0.931604	0.000000	0.000000	0.363475	img__0_1588185380586434000.png
1588185379646	4.360610	3.254275	-0.245210	0.931604	0.000000	0.000000	0.363475	img__0_1588185380790108400.png
1588185380042	4.360610	3.254275	-0.245210	0.931604	0.000000	0.000000	0.363475	img__0_1588185381185799100.png
1588185380261	4.361513	3.254728	-0.269563	0.931727	0.000816	-0.008255	0.363066	img__0_1588185381405901600.png
1588185380462	4.377990	3.270544	-0.464636	0.919714	0.076913	-0.145324	0.356499	img__0_1588185381603854700.png
1588185380882	4.681366	3.611108	-1.196767	0.933419	0.010560	-0.018294	0.358166	img__0_1588185382026643900.png
1588185381068	4.853265	3.804746	-1.459180	0.934222	0.004271	-0.005592	0.356623	img__0_1588185382212587500.png
1588185381245	5.018761	3.992134	-1.646067	0.934881	0.002513	-0.002076	0.354946	img__0_1588185382390694900.png
1588185381596	5.347428	4.367274	-1.846982	0.936210	0.001813	-0.000703	0.351436	img__0_1588185382740406300.png
1588185382037	5.348528	4.396299	-1.762288	0.935656	0.001718	-0.000522	0.352908	img__0_1588185383183759700.png
1588185382220	5.304872	4.334774	-1.775465	0.934182	0.001713	-0.000510	0.356792	img__0_1588185383365845800.png
1588185382457	5.296296	4.344043	-1.695824	0.933236	0.001717	-0.000515	0.359261	img__0_1588185383604535200.png
1588185382835	5.282127	4.350333	-1.512129	0.933730	0.001741	-0.000550	0.357973	img__0_1588185383980226300.png
1588185383102	5.261316	4.370741	-1.151977	0.934589	0.001742	-0.000555	0.355725	img__0_1588185384249641400.png
1588185383279	5.247456	4.385467	-0.856580	0.935229	0.001742	-0.000557	0.354039	img__0_1588185384427307000.png
1588185383456	5.233545	4.401162	-0.519902	0.935891	0.001741	-0.000560	0.352285	img__0_1588185384603874800.png
1588185383678	5.216034	4.422237	-0.044672	0.936734	0.001740	-0.000564	0.350038	img__0_1588185384824448200.png
1588185384011	5.223506	4.413085	-0.253293	0.937456	0.000000	0.000000	0.348104	img__0_1588185385158760700.png
1588185384191	5.223506	4.413085	-0.253293	0.937456	0.000000	0.000000	0.348104	img__0_1588185385340307900.png
1588185384377	5.223506	4.413094	-0.260535	0.937482	0.000594	-0.000205	0.348034	img__0_1588185385523783800.png
1588185384584	5.223474	4.413887	-0.430295	0.937846	0.001454	-0.000482	0.347048	img__0_1588185385730160000.png
1588185384950	5.223284	4.419228	-1.018123	0.938978	0.001711	-0.000569	0.343971	img__0_1588185386098158800.png
1588185385136	5.223142	4.423394	-1.223582	0.939639	0.001727	-0.000577	0.342164	img__0_1588185386284215400.png
1588185385301	5.226237	4.429039	-1.352019	0.931800	0.007465	-0.133574	0.337417	img__0_1588185386449475000.png
1588185385478	5.283753	4.458772	-1.426024	0.919536	0.017787	-0.212053	0.330410	img__0_1588185386625748700.png
1588185385730	5.389646	4.510985	-1.388619	0.940642	0.005362	-0.056374	0.334643	img__0_1588185386880424500.png
1588185386090	5.096514	4.467319	-1.268785	0.943209	0.002046	-0.005658	0.332146	img__0_1588185387237720900.png
1588185386246	5.014329	4.477868	-1.133507	0.943758	0.001835	-0.002366	0.330625	img__0_1588185387395999300.png
1588185386420	4.923530	4.490837	-0.936485	0.944372	0.001758	-0.001149	0.328872	img__0_1588185387568935200.png
1588185386654	4.801899	4.509881	-0.599098	0.945205	0.001731	-0.000720	0.326473	img__0_1588185387805831000.png
1588185387053	4.602660	4.550333	0.111284	0.937245	0.025581	-0.138263	0.319062	img__0_1588185388202669300.png
1588185387233	4.676802	4.531348	-0.169414	0.945315	0.000000	0.000000	0.326159	img__0_1588185388382365000.png
1588185387392	4.676802	4.531348	-0.169414	0.945315	0.000000	0.000000	0.326159	img__0_1588185388540508600.png
1588185387704	4.676802	4.531348	-0.169414	0.945315	0.000000	0.000000	0.326159	img__0_1588185388856039200.png
1588185388046	4.676802	4.531348	-0.169414	0.945315	0.000000	0.000000	0.326159	img__0_1588185389196416900.png
1588185388208	4.676802	4.531422	-0.209163	0.945391	0.000932	-0.000332	0.325937	img__0_1588185389359626000.png
1588185388370	4.676802	4.532235	-0.404106	0.945694	0.001453	-0.000520	0.325056	img__0_1588185389520579000.png
1588185388778	4.676863	4.537893	-0.910773	0.946897	0.001704	-0.000612	0.321534	img__0_1588185389926250800.png
1588185389111	4.677258	4.546247	-1.097248	0.947779	0.008739	-0.021494	0.318083	img__0_1588185390264071700.png
1588185389276	4.686668	4.558537	-1.116742	0.937831	0.049191	-0.142462	0.312664	img__0_1588185390428562200.png
1588185389441	4.743386	4.607147	-1.079095	0.921777	0.076991	-0.226398	0.305193	img__0_1588185390593460100.png
1588185389855	5.173144	4.946960	-0.702663	0.950006	0.013323	-0.035257	0.309949	img__0_1588185391007850200.png
1588185390110	5.513498	5.214992	-0.323661	0.951502	0.003805	-0.006805	0.307545	img__0_1588185391264064500.png
1588185390287	5.564979	5.255677	-0.258629	0.951559	0.000000	0.000000	0.307467	img__0_1588185391438827100.png
1588185390446	5.564979	5.255677	-0.258629	0.951559	0.000000	0.000000	0.307467	img__0_1588185391597727200.png
1588185390773	5.564979	5.255677	-0.258629	0.951559	0.000000	0.000000	0.307467	img__0_1588185391926785400.png
1588185391133	5.564979	5.255694	-0.269359	0.951591	0.000659	-0.000254	0.307366	img__0_1588185392288001300.png
1588185391295	5.565001	5.256223	-0.386275	0.951834	0.001363	-0.000518	0.306612	img__0_1588185392447823400.png
1588185391637	5.565228	5.260765	-0.949977	0.952730	0.001674	-0.000638	0.303813	img__0_1588185392788967200.png
1588185391928	5.566539	5.267549	-1.290362	0.953264	0.000290	-0.028801	0.300761	img__0_1588185393080815800.png
1588185392108	5.585515	5.274700	-1.420888	0.941408	-0.085310	-0.151484	0.289008	img__0_1588185393260395200.png
1588185392444	5.804200	5.248566	-1.482418	0.958283	-0.016763	-0.029571	0.283792	img__0_1588185393597992000.png
1588185392645	5.986173	5.219899	-1.420089	0.959835	-0.003136	-0.008175	0.280429	img__0_1588185393798581800.png
1588185392822	6.152066	5.193984	-1.307838	0.960586	0.000206	-0.002971	0.277968	img__0_1588185393977187500.png
1588185393107	6.421812	5.153421	-1.018717	0.961572	0.001467	-0.001035	0.274548	img__0_1588185394261639200.png
1588185393440	6.737732	5.108897	-0.523791	0.962612	0.001662	-0.000742	0.270880	img__0_1588185394594032200.png
1588185393602	6.891455	5.088458	-0.227583	0.963100	0.001677	-0.000722	0.269139	img__0_1588185394757458700.png
1588185393773	6.878626	5.090168	-0.252145	0.963486	0.000000	0.000000	0.267760	img__0_1588185394927808900.png
1588185393932	6.878626	5.090168	-0.252145	0.963486	0.000000	0.000000	0.267760	img__0_1588185395087793200.png
1588185394259	6.878626	5.090168	-0.252145	0.963486	0.000000	0.000000	0.267760	img__0_1588185395413995700.png
1588185394502	6.878626	5.090168	-0.252145	0.963486	0.000000	0.000000	0.267760	img__0_1588185395658396100.png
1588185394685	6.878626	5.090168	-0.252145	0.963486	0.000000	0.000000	0.267760	img__0_1588185395844000400.png
1588185394979	6.878626	5.090168	-0.252145	0.963486	0.000000	0.000000	0.267760	img__0_1588185396135350400.png
