TimeStamp	POS_X	POS_Y	POS_Z	Q_W	Q_X	Q_Y	Q_Z	ImageFile
1573206273399	0.000000	0.000000	-0.146496	1.000000	0.000000	0.000000	0.000094	img__0_1573206273788298800.png
1573206273486	0.000000	0.000000	-0.146496	1.000000	0.000000	0.000000	0.000094	img__0_1573206273877509400.png
1573206273576	0.000000	0.000000	-0.146496	1.000000	0.000000	0.000000	0.000094	img__0_1573206273966524100.png
1573206273663	0.000001	0.000002	-0.146758	1.000000	0.000438	-0.000340	0.000126	img__0_1573206274054158400.png
1573206273753	0.000053	0.000068	-0.152977	0.999999	0.000860	-0.000691	0.000337	img__0_1573206274144042700.png
1573206273843	0.000223	0.000284	-0.168898	0.999999	0.001120	-0.000897	0.000696	img__0_1573206274231973000.png
1573206273930	0.000539	0.000680	-0.194299	0.999998	0.001255	-0.001006	0.001142	img__0_1573206274321483800.png
1573206274023	0.001067	0.001342	-0.234428	0.999997	0.001335	-0.001069	0.001694	img__0_1573206274411987800.png
1573206274113	0.001778	0.002234	-0.286716	0.999996	0.001378	-0.001102	0.002281	img__0_1573206274503962000.png
1573206274206	0.002727	0.003424	-0.354860	0.999994	0.001402	-0.001120	0.002925	img__0_1573206274595425700.png
1573206274296	0.003845	0.004828	-0.430034	0.999992	0.001415	-0.001129	0.003574	img__0_1573206274686157300.png
1573206274389	0.005193	0.006520	-0.509397	0.999987	0.001422	-0.001134	0.004706	img__0_1573206274779468100.png
1573206274479	0.006673	0.008381	-0.583854	0.999959	0.001424	-0.001139	0.008837	img__0_1573206274870404200.png
1573206274572	0.008380	0.010531	-0.656042	0.999827	0.001423	-0.001144	0.018502	img__0_1573206274962417900.png
1573206274665	0.010264	0.012909	-0.722554	0.999439	0.001424	-0.001144	0.033433	img__0_1573206275053841500.png
1573206274758	0.012321	0.015517	-0.783294	0.998619	0.001430	-0.001137	0.052500	img__0_1573206275146411700.png
1573206274848	0.014472	0.018266	-0.836668	0.997262	0.001440	-0.001124	0.073923	img__0_1573206275239519900.png
1573206274944	0.016932	0.021447	-0.887824	0.995086	0.001455	-0.001102	0.098995	img__0_1573206275334451100.png
1573206275040	0.019553	0.024890	-0.933095	0.992253	0.001476	-0.001072	0.124222	img__0_1573206275431723100.png
1573206275139	0.022412	0.028724	-0.973692	0.989490	0.001504	-0.001032	0.144591	img__0_1573206275530425800.png
1573206275241	0.025509	0.032983	-1.009308	0.987275	0.001532	-0.000989	0.159014	img__0_1573206275631718200.png
1573206275343	0.028755	0.037578	-1.043580	0.985630	0.001556	-0.000953	0.168908	img__0_1573206275732422300.png
1573206275439	0.031945	0.042237	-1.081589	0.984488	0.001574	-0.000926	0.175441	img__0_1573206275829882300.png
1573206275538	0.035369	0.047407	-1.132725	0.983615	0.001587	-0.000905	0.180271	img__0_1573206275929283700.png
1573206275637	0.038927	0.052955	-1.197133	0.982965	0.001597	-0.000889	0.183786	img__0_1573206276027188500.png
1573206275739	0.042725	0.059066	-1.277167	0.982457	0.001604	-0.000877	0.186481	img__0_1573206276129877900.png
1573206275841	0.046654	0.065579	-1.370912	0.982063	0.001609	-0.000869	0.188544	img__0_1573206276230869200.png
1573206275940	0.050589	0.072287	-1.475173	0.981755	0.001612	-0.000862	0.190141	img__0_1573206276329986900.png
1573206276039	0.054642	0.079376	-1.592199	0.981497	0.001615	-0.000858	0.191468	img__0_1573206276429436700.png
1573206276138	0.058810	0.086844	-1.721471	0.981273	0.001617	-0.000854	0.192613	img__0_1573206276529591300.png
1573206276240	0.063220	0.094921	-1.863277	0.981066	0.001619	-0.000851	0.193664	img__0_1573206276629953000.png
1573206276342	0.067740	0.103369	-2.009037	0.980876	0.001620	-0.000849	0.194627	img__0_1573206276731227900.png
1573206276441	0.072225	0.111900	-2.147420	0.980701	0.001621	-0.000847	0.195505	img__0_1573206276830672300.png
1573206276543	0.076942	0.121017	-2.282883	0.980528	0.001622	-0.000845	0.196371	img__0_1573206276930575700.png
1573206276639	0.081466	0.129889	-2.399783	0.980369	0.001623	-0.000843	0.197162	img__0_1573206277030859300.png
1573206276741	0.086405	0.139628	-2.508442	0.980170	0.003106	-0.008193	0.197966	img__0_1573206277130899500.png
1573206276840	0.092428	0.149850	-2.597588	0.979428	0.008484	-0.034777	0.198595	img__0_1573206277232214600.png
1573206276942	0.103911	0.162871	-2.672744	0.977688	0.014719	-0.065544	0.199032	img__0_1573206277332170000.png
1573206277044	0.125562	0.180462	-2.730770	0.976337	0.017943	-0.081352	0.199567	img__0_1573206277434297000.png
1573206277143	0.158868	0.203008	-2.770535	0.975501	0.019551	-0.089095	0.200192	img__0_1573206277533660600.png
1573206277242	0.205549	0.231504	-2.793920	0.974972	0.020407	-0.093055	0.200885	img__0_1573206277633049300.png
1573206277341	0.266240	0.266242	-2.800912	0.974616	0.020881	-0.095075	0.201616	img__0_1573206277732553400.png
1573206277440	0.341253	0.307379	-2.791515	0.974353	0.021159	-0.096101	0.202367	img__0_1573206277832320900.png
1573206277545	0.436619	0.358097	-2.763634	0.974128	0.021348	-0.096640	0.203175	img__0_1573206277935130300.png
1573206277644	0.541717	0.412752	-2.721659	0.973940	0.021475	-0.096886	0.203943	img__0_1573206278035301000.png
1573206277743	0.662577	0.474533	-2.670041	0.974267	0.020489	-0.091821	0.204825	img__0_1573206278135165000.png
1573206277848	0.807392	0.547634	-2.612001	0.977104	0.011892	-0.050551	0.206326	img__0_1573206278237590500.png
1573206277947	0.954184	0.621358	-2.561721	0.977894	0.006871	-0.026354	0.207322	img__0_1573206278339264800.png
1573206278052	1.115457	0.702339	-2.516651	0.977985	0.004196	-0.013387	0.208202	img__0_1573206278441430900.png
1573206278154	1.274871	0.782556	-2.482245	0.977884	0.002913	-0.007130	0.209008	img__0_1573206278545601400.png
1573206278259	1.440356	0.866104	-2.458658	0.977729	0.002260	-0.003925	0.209823	img__0_1573206278647938300.png
1573206278358	1.596991	0.945486	-2.448123	0.977570	0.001953	-0.002410	0.210586	img__0_1573206278748847500.png
1573206278457	1.753880	1.025314	-2.449368	0.977408	0.001798	-0.001634	0.211347	img__0_1573206278848997600.png
1573206278559	1.915616	1.107953	-2.462989	0.977239	0.001717	-0.001227	0.212131	img__0_1573206278949818700.png
1573206278658	2.072597	1.188504	-2.488139	0.977074	0.001678	-0.001026	0.212891	img__0_1573206279049674000.png
1573206278760	2.234290	1.271827	-2.526256	0.976903	0.001658	-0.000920	0.213673	img__0_1573206279150664300.png
1573206278859	2.391161	1.353011	-2.574859	0.976737	0.001648	-0.000868	0.214433	img__0_1573206279251310500.png
1573206278961	2.552699	1.436949	-2.630763	0.976565	0.001644	-0.000840	0.215215	img__0_1573206279352415800.png
1573206279060	2.709387	1.518665	-2.681007	0.976397	0.001642	-0.000825	0.215975	img__0_1573206279452337200.png
1573206279159	2.865967	1.600595	-2.718949	0.976229	0.001641	-0.000817	0.216734	img__0_1573206279551674500.png
1573206279258	3.022434	1.682728	-2.742026	0.976060	0.001641	-0.000812	0.217493	img__0_1573206279650607800.png
1573206279357	3.178789	1.765064	-2.750232	0.975891	0.001641	-0.000809	0.218252	img__0_1573206279749898800.png
1573206279459	3.339763	1.850107	-2.743171	0.975716	0.001642	-0.000807	0.219033	img__0_1573206279849146900.png
1573206279558	3.495887	1.932854	-2.721291	0.975545	0.001642	-0.000805	0.219792	img__0_1573206279949811300.png
1573206279660	3.656622	2.018320	-2.683353	0.975369	0.001643	-0.000804	0.220573	img__0_1573206280050500900.png
1573206279759	3.812513	2.101478	-2.631737	0.975197	0.001643	-0.000802	0.221332	img__0_1573206280150198200.png
1573206279858	3.968290	2.184840	-2.565744	0.975024	0.001644	-0.000801	0.222090	img__0_1573206280250113400.png
1573206279957	4.123950	2.268406	-2.485621	0.974851	0.001645	-0.000800	0.222848	img__0_1573206280348565200.png
1573206280059	4.284207	2.354718	-2.388605	0.974673	0.001645	-0.000798	0.223629	img__0_1573206280449427600.png
1573206280158	4.439635	2.438701	-2.280750	0.974498	0.001646	-0.000797	0.224387	img__0_1573206280550043800.png
1573206280257	4.594948	2.522891	-2.159791	0.974324	0.001647	-0.000796	0.225144	img__0_1573206280649236900.png
1573206280356	4.750144	2.607289	-2.026140	0.974148	0.001647	-0.000795	0.225902	img__0_1573206280748589100.png
1573206280458	4.909922	2.694464	-1.875632	0.973967	0.001648	-0.000793	0.226682	img__0_1573206280848975500.png
1573206280557	5.064883	2.779289	-1.717783	0.973790	0.001648	-0.000792	0.227440	img__0_1573206280948718400.png
1573206280656	5.219735	2.864353	-1.555843	0.973525	0.001649	-0.000791	0.228572	img__0_1573206281047981800.png
1573206280755	5.374489	2.949711	-1.405516	0.970880	0.001643	-0.000803	0.239559	img__0_1573206281147655500.png
1573206280857	5.533831	3.037964	-1.264302	0.961405	0.001633	-0.000822	0.275132	img__0_1573206281247551300.png
1573206280956	5.688386	3.123912	-1.140691	0.943671	0.001627	-0.000822	0.330882	img__0_1573206281347216500.png
1573206281058	5.847511	3.212747	-1.025838	0.911400	0.001627	-0.000794	0.411518	img__0_1573206281448347800.png
1573206281160	6.006501	3.301894	-0.929943	0.860474	0.001636	-0.000721	0.509491	img__0_1573206281551540100.png
1573206281265	6.169969	3.394022	-0.857015	0.786856	0.001654	-0.000595	0.617134	img__0_1573206281655829800.png
1573206281379	6.347103	3.494466	-0.807239	0.689327	0.001679	-0.000396	0.724448	img__0_1573206281771423800.png
1573206281502	6.537648	3.603251	-0.781538	0.583882	0.001702	-0.000128	0.811836	img__0_1573206281893499600.png
1573206281622	6.722858	3.709612	-0.766015	0.505745	0.001713	0.000148	0.862681	img__0_1573206282014625200.png
1573206281745	6.911883	3.818724	-0.774785	0.451887	0.001705	0.000388	0.892074	img__0_1573206282137017400.png
1573206281862	7.090860	3.922488	-0.816065	0.418821	0.001686	0.000561	0.908067	img__0_1573206282253411000.png
1573206281976	7.264465	4.023482	-0.887166	0.397799	0.001663	0.000680	0.917471	img__0_1573206282367529300.png
1573206282090	7.437305	4.124317	-0.986087	0.383970	0.001642	0.000762	0.923344	img__0_1573206282481034700.png
1573206282201	7.604900	4.222311	-1.099902	0.374993	0.001625	0.000816	0.927026	img__0_1573206282594248700.png
1573206282318	7.780825	4.325379	-1.235084	0.368620	0.001611	0.000854	0.929579	img__0_1573206282710625100.png
1573206282435	7.956003	4.428207	-1.385355	0.364274	0.001600	0.000879	0.931290	img__0_1573206282825639000.png
1573206282546	8.121472	4.525537	-1.550485	0.361342	0.008828	-0.001911	0.932390	img__0_1573206282937548200.png
1573206282663	8.293538	4.629308	-1.754374	0.359019	0.013502	-0.001652	0.933231	img__0_1573206283054391100.png
1573206282777	8.457360	4.731142	-1.950388	0.354805	0.040531	0.085161	0.930171	img__0_1573206283169187600.png
1573206282891	8.607206	4.819799	-2.122574	0.346808	0.071141	0.182376	0.917280	img__0_1573206283282855800.png
1573206283005	8.730206	4.878834	-2.265934	0.341181	0.083481	0.226988	0.908352	img__0_1573206283397162200.png
1573206283125	8.825526	4.901463	-2.382327	0.345759	0.049340	0.142375	0.926146	img__0_1573206283515918800.png
1573206283242	8.895496	4.895926	-2.467660	0.347576	0.017796	0.061404	0.935470	img__0_1573206283633840300.png
1573206283356	8.954598	4.878508	-2.529076	0.347040	0.003510	0.024838	0.937515	img__0_1573206283747458700.png
1573206283467	9.009312	4.856605	-2.569454	0.346166	-0.003068	0.008037	0.938134	img__0_1573206283858522300.png
1573206283581	9.065365	4.832136	-2.591347	0.345247	-0.006267	-0.000125	0.938491	img__0_1573206283971575500.png
1573206283695	9.122596	4.807155	-2.593535	0.344353	-0.007764	-0.003945	0.938800	img__0_1573206284087825800.png
1573206283806	9.180056	4.783013	-2.576763	0.343505	-0.008450	-0.005705	0.939096	img__0_1573206284197649300.png
1573206283917	9.239506	4.759369	-2.541412	0.342668	-0.008775	-0.006549	0.939393	img__0_1573206284310653200.png
1573206284034	9.304464	4.735152	-2.484222	0.341794	-0.008932	-0.006970	0.939707	img__0_1573206284425159800.png
1573206284142	9.365832	4.713136	-2.413478	0.340269	0.056712	0.052058	0.937172	img__0_1573206284535475500.png
1573206284256	9.415544	4.684333	-2.318688	0.340573	0.173943	0.079525	0.920559	img__0_1573206284649915300.png
1573206284376	9.425064	4.651173	-2.190798	0.347157	0.245616	0.035657	0.904369	img__0_1573206284769610900.png
1573206284502	9.374545	4.629378	-2.019350	0.350352	0.276715	0.008661	0.894767	img__0_1573206284893831400.png
1573206284613	9.274920	4.629246	-1.833442	0.351342	0.288503	-0.003421	0.890681	img__0_1573206285005037000.png
1573206284709	9.146249	4.646295	-1.645052	0.351501	0.293371	-0.009137	0.888986	img__0_1573206285102775500.png
1573206284802	8.983825	4.679083	-1.437639	0.352822	0.293296	-0.016621	0.888379	img__0_1573206285194173800.png
1573206284889	8.799173	4.725148	-1.221715	0.364143	0.222276	-0.028416	0.903983	img__0_1573206285281176000.png
1573206284982	8.574549	4.789175	-0.972841	0.369467	0.126736	-0.017468	0.920395	img__0_1573206285375305000.png
1573206285111	8.236467	4.893066	-0.609898	0.369547	0.093601	-0.022825	0.924204	img__0_1573206285502969000.png
1573206285228	7.909905	5.001213	-0.266520	0.365480	0.167989	-0.059890	0.913574	img__0_1573206285622269700.png
1573206285348	7.976656	4.978842	-0.336485	0.372397	0.000000	0.000000	0.928074	img__0_1573206285741123900.png
1573206285468	7.976656	4.978842	-0.336485	0.372397	0.000000	0.000000	0.928074	img__0_1573206285862104900.png
1573206285585	7.976656	4.978842	-0.336485	0.372397	0.000000	0.000000	0.928074	img__0_1573206285978948300.png
1573206285696	7.976656	4.978842	-0.336485	0.372397	0.000000	0.000000	0.928074	img__0_1573206286088336700.png
1573206285810	7.976656	4.978842	-0.336485	0.372397	0.000000	0.000000	0.928074	img__0_1573206286202794600.png
1573206285921	7.976656	4.978842	-0.336485	0.372397	0.000000	0.000000	0.928074	img__0_1573206286314836600.png
1573206286035	7.976656	4.978842	-0.336485	0.372397	0.000000	0.000000	0.928074	img__0_1573206286428683000.png
1573206286149	7.976656	4.978842	-0.336485	0.372397	0.000000	0.000000	0.928074	img__0_1573206286541671300.png
1573206286260	7.976656	4.978842	-0.336485	0.372397	0.000000	0.000000	0.928074	img__0_1573206286653733800.png
1573206286374	7.976656	4.978842	-0.336485	0.372397	0.000000	0.000000	0.928074	img__0_1573206286767950600.png
1573206286485	7.976656	4.978842	-0.336485	0.372397	0.000000	0.000000	0.928074	img__0_1573206286878630800.png
1573206286596	7.976656	4.978842	-0.336485	0.372397	0.000000	0.000000	0.928074	img__0_1573206286988957900.png
1573206286707	7.976656	4.978842	-0.336485	0.372397	0.000000	0.000000	0.928074	img__0_1573206287100486200.png
1573206286821	7.976656	4.978842	-0.336485	0.372397	0.000000	0.000000	0.928074	img__0_1573206287214588600.png
1573206286932	7.976656	4.978842	-0.336485	0.372397	0.000000	0.000000	0.928074	img__0_1573206287324816800.png
1573206287043	7.976627	4.978871	-0.336935	0.372238	0.026377	-0.010334	0.927705	img__0_1573206287437513400.png
1573206287157	7.966285	4.989249	-0.374704	0.369778	0.131225	-0.073010	0.916905	img__0_1573206287550101500.png
1573206287271	7.931033	5.029585	-0.431372	0.372773	0.085483	-0.051148	0.922560	img__0_1573206287665435900.png
1573206287391	7.879143	5.091474	-0.468675	0.373961	0.038595	-0.022010	0.926380	img__0_1573206287784941000.png
1573206287505	7.823278	5.158608	-0.483200	0.373822	0.018722	-0.009737	0.927260	img__0_1573206287899187900.png
1573206287619	7.764308	5.229409	-0.477922	0.373327	0.009515	-0.004046	0.927642	img__0_1573206288012721600.png
1573206287736	7.702106	5.303783	-0.452059	0.372670	0.005182	-0.001356	0.927948	img__0_1573206288129595200.png
1573206287850	7.640555	5.376965	-0.407089	0.371956	0.003252	-0.000150	0.928245	img__0_1573206288243226700.png
1573206287961	7.580032	5.448489	-0.344778	0.371220	0.002375	0.000401	0.928542	img__0_1573206288355590900.png
1573206288072	7.519060	5.520089	-0.264494	0.370458	0.001961	0.000663	0.928847	img__0_1573206288465469800.png
1573206288183	7.458090	5.592089	-0.166597	0.368961	-0.023178	-0.061848	0.927095	img__0_1573206288575148700.png
1573206288294	7.505823	5.535569	-0.244807	0.369542	0.000000	0.000000	0.929214	img__0_1573206288687634200.png
1573206288408	7.505823	5.535569	-0.244807	0.369542	0.000000	0.000000	0.929214	img__0_1573206288802697100.png
1573206288519	7.505823	5.535569	-0.244807	0.369542	0.000000	0.000000	0.929214	img__0_1573206288914079500.png
1573206288636	7.505823	5.535569	-0.244807	0.369542	0.000000	0.000000	0.929214	img__0_1573206289029097000.png
1573206288747	7.505823	5.535569	-0.244807	0.369542	0.000000	0.000000	0.929214	img__0_1573206289139993200.png
1573206288855	7.505823	5.535569	-0.244807	0.369542	0.000000	0.000000	0.929214	img__0_1573206289249231200.png
1573206288966	7.505823	5.535569	-0.244807	0.369542	0.000000	0.000000	0.929214	img__0_1573206289359837500.png
1573206289074	7.505823	5.535569	-0.244807	0.369542	0.000000	0.000000	0.929214	img__0_1573206289468576700.png
1573206289185	7.505823	5.535569	-0.244807	0.369542	0.000000	0.000000	0.929214	img__0_1573206289578354700.png
1573206289293	7.505823	5.535569	-0.244807	0.369542	0.000000	0.000000	0.929214	img__0_1573206289688192900.png
1573206289404	7.505823	5.535569	-0.244807	0.369542	0.000000	0.000000	0.929214	img__0_1573206289797511100.png
1573206289515	7.505823	5.535569	-0.244807	0.369542	0.000000	0.000000	0.929214	img__0_1573206289910080500.png
1573206289623	7.505823	5.535569	-0.244807	0.369542	0.000000	0.000000	0.929214	img__0_1573206290015870200.png
1573206289734	7.505823	5.535569	-0.244807	0.369542	0.000000	0.000000	0.929214	img__0_1573206290126650800.png
1573206289842	7.505823	5.535569	-0.244807	0.369542	0.000000	0.000000	0.929214	img__0_1573206290235211500.png
1573206289950	7.505823	5.535569	-0.244807	0.369542	0.000000	0.000000	0.929214	img__0_1573206290345647000.png
1573206290064	7.505823	5.535569	-0.244807	0.369542	0.000000	0.000000	0.929214	img__0_1573206290457806700.png
1573206290172	7.505823	5.535569	-0.244807	0.369542	0.000000	0.000000	0.929214	img__0_1573206290565616300.png
