TimeStamp	POS_X	POS_Y	POS_Z	Q_W	Q_X	Q_Y	Q_Z	ImageFile
1588261811424	0.000000	0.000000	-0.146496	1.000000	0.000000	0.000000	0.000014	img__0_1588261812895605300.png
1588261811514	0.000000	0.000000	-0.146496	1.000000	0.000000	0.000000	0.000014	img__0_1588261812985684400.png
1588261811604	0.000000	0.000000	-0.146496	1.000000	0.000000	0.000000	0.000014	img__0_1588261813075142300.png
1588261811688	0.000000	0.000000	-0.146496	1.000000	0.000000	0.000000	0.000014	img__0_1588261813161787300.png
1588261811778	0.000000	0.000000	-0.146496	1.000000	0.000000	0.000000	0.000014	img__0_1588261813250762000.png
1588261811865	0.000000	0.000000	-0.146496	1.000000	0.000000	0.000000	0.000014	img__0_1588261813338793400.png
1588261811955	0.000000	0.000000	-0.146496	1.000000	0.000000	0.000000	0.000014	img__0_1588261813425356400.png
1588261812039	0.000000	0.000000	-0.146496	1.000000	0.000000	0.000000	0.000014	img__0_1588261813512954900.png
1588261812129	0.000000	0.000000	-0.146496	1.000000	0.000000	0.000000	0.000014	img__0_1588261813601753200.png
1588261812216	0.000000	0.000000	-0.146496	1.000000	0.000000	0.000000	0.000014	img__0_1588261813687669700.png
1588261812303	0.000000	0.000000	-0.146496	1.000000	0.000000	0.000000	0.000014	img__0_1588261813774895500.png
1588261812390	0.000000	0.000000	-0.146496	1.000000	0.000000	0.000000	0.000014	img__0_1588261813862978900.png
1588261812480	0.000000	0.000000	-0.146496	1.000000	0.000000	0.000000	0.000014	img__0_1588261813953234400.png
1588261812570	0.000003	0.000004	-0.153240	1.000000	0.000449	-0.000354	0.000021	img__0_1588261814041423100.png
1588261812657	0.000080	0.000103	-0.203471	0.999999	0.000860	-0.000691	0.000062	img__0_1588261814131132300.png
1588261812747	0.000334	0.000424	-0.307589	0.999999	0.001121	-0.000898	0.000134	img__0_1588261814220183700.png
1588261812834	0.000800	0.001010	-0.457385	0.999999	0.001255	-0.001006	0.000223	img__0_1588261814305844200.png
1588261812933	0.001625	0.002043	-0.684220	0.999998	0.001339	-0.001073	0.000341	img__0_1588261814404384200.png
1588261813020	0.002607	0.003272	-0.924964	0.999994	0.001382	-0.001100	-0.002926	img__0_1588261814492191300.png
1588261813113	0.003837	0.004811	-1.182510	0.999562	0.001422	-0.001095	-0.029539	img__0_1588261814585831100.png
1588261813203	0.005169	0.006473	-1.413006	0.996320	0.001447	-0.001080	-0.085691	img__0_1588261814675972600.png
1588261813293	0.006646	0.008297	-1.624361	0.986038	0.001441	-0.001082	-0.166510	img__0_1588261814765078900.png
1588261813377	0.008169	0.010137	-1.805225	0.966504	0.001401	-0.001109	-0.256644	img__0_1588261814851368400.png
1588261813464	0.009909	0.012165	-1.976669	0.933472	0.001327	-0.001163	-0.358645	img__0_1588261814935230200.png
1588261813551	0.011831	0.014289	-2.132669	0.885794	0.001221	-0.001237	-0.464075	img__0_1588261815023804700.png
1588261813632	0.013798	0.016323	-2.264579	0.827707	0.001097	-0.001315	-0.561158	img__0_1588261815106198700.png
1588261813722	0.016190	0.018603	-2.396620	0.753915	0.000926	-0.001412	-0.656970	img__0_1588261815196192900.png
1588261813812	0.018798	0.020855	-2.513879	0.690226	0.000722	-0.001525	-0.723592	img__0_1588261815283984100.png
1588261813899	0.021514	0.022960	-2.613609	0.643306	0.000527	-0.001622	-0.765608	img__0_1588261815371231700.png
1588261813983	0.024306	0.024890	-2.697529	0.609703	0.000360	-0.001693	-0.792628	img__0_1588261815457295500.png
1588261814070	0.027356	0.026754	-2.771921	0.584366	0.000216	-0.001744	-0.811488	img__0_1588261815542329400.png
1588261814157	0.030555	0.028460	-2.833816	0.566299	0.000102	-0.001777	-0.824198	img__0_1588261815630392500.png
1588261814244	0.033889	0.029993	-2.883420	0.553588	0.000014	-0.001796	-0.832789	img__0_1588261815716180000.png
1588261814331	0.037349	0.031341	-2.920894	0.544775	-0.000052	-0.001807	-0.838581	img__0_1588261815801988100.png
1588261814415	0.040802	0.032461	-2.945720	0.538944	-0.000100	-0.001813	-0.842340	img__0_1588261815889560900.png
1588261814508	0.044752	0.033473	-2.964428	0.534686	-0.000138	-0.001816	-0.845049	img__0_1588261815981294800.png
1588261814595	0.048571	0.034190	-2.976804	0.532193	-0.000163	-0.001817	-0.846621	img__0_1588261816069881800.png
1588261814685	0.052634	0.034712	-2.978878	0.530685	-0.000181	-0.001817	-0.847567	img__0_1588261816156890900.png
1588261814772	0.056663	0.035010	-2.968807	0.529960	-0.000193	-0.001817	-0.848020	img__0_1588261816244692300.png
1588261814862	0.060937	0.035102	-2.945935	0.529747	-0.000202	-0.001817	-0.848154	img__0_1588261816334306500.png
1588261814946	0.065010	0.034965	-2.913223	0.529863	-0.007438	-0.006334	-0.848027	img__0_1588261816419540400.png
1588261815033	0.068693	0.033325	-2.867844	0.529494	-0.044212	-0.029066	-0.846662	img__0_1588261816504952000.png
1588261815120	0.069765	0.026027	-2.810588	0.528676	-0.073561	-0.043787	-0.844496	img__0_1588261816592597700.png
1588261815207	0.066078	0.009427	-2.741053	0.527938	-0.093769	-0.049887	-0.842615	img__0_1588261816682005300.png
1588261815306	0.053909	-0.023401	-2.646559	0.527680	-0.107445	-0.052820	-0.840964	img__0_1588261816774955000.png
1588261815387	0.036348	-0.062640	-2.557882	0.527865	-0.113888	-0.053576	-0.839951	img__0_1588261816859130200.png
1588261815483	0.004629	-0.126069	-2.449121	0.530430	-0.083463	-0.035203	-0.842875	img__0_1588261816955667600.png
1588261815579	-0.037666	-0.205010	-2.349450	0.533112	-0.043863	-0.019415	-0.844684	img__0_1588261817052511400.png
1588261815666	-0.081051	-0.284046	-2.269050	0.534490	-0.024463	-0.011536	-0.844742	img__0_1588261817140609100.png
1588261815759	-0.129957	-0.372469	-2.183697	0.535665	-0.013169	-0.006964	-0.844299	img__0_1588261817233101800.png
1588261815846	-0.176735	-0.456950	-2.093215	0.536691	-0.007415	-0.004656	-0.843733	img__0_1588261817320468100.png
1588261815933	-0.223993	-0.542419	-1.992024	0.537703	-0.004214	-0.003383	-0.843117	img__0_1588261817406628000.png
1588261816020	-0.271462	-0.628505	-1.880426	0.538717	-0.002432	-0.002680	-0.842479	img__0_1588261817492739300.png
1588261816107	-0.318990	-0.715003	-1.758766	0.539729	-0.002615	-0.000462	-0.841835	img__0_1588261817580502200.png
1588261816194	-0.367590	-0.801357	-1.630080	0.538548	-0.052104	0.060991	-0.838768	img__0_1588261817669335100.png
1588261816278	-0.426006	-0.881277	-1.512298	0.531093	-0.110293	0.124996	-0.830753	img__0_1588261817753732400.png
1588261816368	-0.518112	-0.958340	-1.399572	0.522404	-0.142202	0.162775	-0.824850	img__0_1588261817842552500.png
1588261816461	-0.653202	-1.025913	-1.292967	0.524870	-0.103573	0.122334	-0.835954	img__0_1588261817933612600.png
1588261816557	-0.827393	-1.084535	-1.201417	0.528266	-0.056133	0.065181	-0.844711	img__0_1588261818029331000.png
1588261816641	-0.998709	-1.129871	-1.154232	0.530438	-0.031957	0.036328	-0.846342	img__0_1588261818116184000.png
1588261816728	-1.186286	-1.173717	-1.137604	0.533568	-0.017923	0.019703	-0.845338	img__0_1588261818203279800.png
1588261816812	-1.371614	-1.214803	-1.129379	0.537208	-0.010245	0.010530	-0.843322	img__0_1588261818288064700.png
1588261816902	-1.571968	-1.258334	-1.110115	0.540104	-0.005681	0.004992	-0.841564	img__0_1588261818374473900.png
1588261816989	-1.766449	-1.300240	-1.079476	0.542092	-0.003252	0.002007	-0.840310	img__0_1588261818462443000.png
1588261817079	-1.967981	-1.343590	-1.041225	0.543573	-0.001864	0.000287	-0.839360	img__0_1588261818552354000.png
1588261817163	-2.156214	-1.384176	-1.025166	0.544584	-0.001142	-0.000614	-0.838705	img__0_1588261818637040800.png
1588261817241	-2.330952	-1.422047	-1.033653	0.545293	-0.000752	-0.001102	-0.838245	img__0_1588261818716539200.png
1588261817325	-2.518963	-1.463036	-1.057078	0.545878	-0.000506	-0.001409	-0.837863	img__0_1588261818800142200.png
1588261817409	-2.706747	-1.504195	-1.072592	0.546330	-0.000366	-0.001585	-0.837569	img__0_1588261818884409500.png
1588261817496	-2.900970	-1.547002	-1.076979	0.546697	-0.000283	-0.001688	-0.837329	img__0_1588261818969297000.png
1588261817577	-3.081541	-1.587024	-1.070415	0.546973	-0.000239	-0.001743	-0.837149	img__0_1588261819052819900.png
1588261817661	-3.268518	-1.628725	-1.060375	0.547210	-0.000212	-0.001776	-0.836994	img__0_1588261819135970700.png
1588261817748	-3.461849	-1.672164	-1.057202	0.547418	-0.000196	-0.001796	-0.836857	img__0_1588261819222298300.png
1588261817832	-3.648195	-1.714347	-1.062083	0.547593	-0.000187	-0.001806	-0.836743	img__0_1588261819306865700.png
1588261817922	-3.847502	-1.759809	-1.076340	0.547761	-0.000181	-0.001813	-0.836633	img__0_1588261819397175900.png
1588261818003	-4.026568	-1.800960	-1.097153	0.547899	-0.000178	-0.001816	-0.836542	img__0_1588261819475639300.png
1588261818087	-4.211957	-1.843871	-1.126701	0.548033	-0.000176	-0.001818	-0.836455	img__0_1588261819559363200.png
1588261818171	-4.396850	-1.887105	-1.166321	0.547750	0.019498	-0.033888	-0.835728	img__0_1588261819646693600.png
1588261818255	-4.574929	-1.934181	-1.222512	0.542552	0.059390	-0.129187	-0.827902	img__0_1588261819729859800.png
1588261818342	-4.736575	-1.996706	-1.302192	0.538868	0.089883	-0.175285	-0.819035	img__0_1588261819817387800.png
1588261818429	-4.870014	-2.075319	-1.393211	0.546219	0.054030	-0.105215	-0.829250	img__0_1588261819904354000.png
1588261818522	-4.994687	-2.169317	-1.486511	0.549267	0.029031	-0.057573	-0.833156	img__0_1588261819996999500.png
1588261818609	-5.103592	-2.261546	-1.560549	0.550332	0.015478	-0.031961	-0.834190	img__0_1588261820082854900.png
1588261818696	-5.208460	-2.356040	-1.621979	0.550810	0.008004	-0.017792	-0.834403	img__0_1588261820170512800.png
1588261818780	-5.307597	-2.448484	-1.669602	0.551080	0.003893	-0.010015	-0.834383	img__0_1588261820254601600.png
1588261818864	-5.405605	-2.541594	-1.705910	0.551278	0.001550	-0.005583	-0.834302	img__0_1588261820339630000.png
1588261818951	-5.506486	-2.638422	-1.731776	0.551448	0.000173	-0.002983	-0.834204	img__0_1588261820424118800.png
1588261819038	-5.607040	-2.735509	-1.755565	0.551597	0.001550	-0.004776	-0.834096	img__0_1588261820511865200.png
1588261819125	-5.705494	-2.833664	-1.804633	0.550491	0.037166	-0.058458	-0.831962	img__0_1588261820599047200.png
1588261819209	-5.790904	-2.932679	-1.873950	0.551143	0.028459	-0.045225	-0.832698	img__0_1588261820683029900.png
1588261819293	-5.869340	-3.034718	-1.937962	0.551735	0.017195	-0.028150	-0.833367	img__0_1588261820768073800.png
1588261819377	-5.944185	-3.138322	-1.990375	0.552041	0.009484	-0.016463	-0.833600	img__0_1588261820852848400.png
1588261819464	-6.019491	-3.246605	-2.032644	0.552218	0.005290	-0.010102	-0.833622	img__0_1588261820938965600.png
1588261819554	-6.098519	-3.363023	-2.063673	0.552360	0.002820	-0.006354	-0.833577	img__0_1588261821030964600.png
1588261819641	-6.169050	-3.468573	-2.081501	0.552389	0.010295	-0.017619	-0.833337	img__0_1588261821117970900.png
1588261819731	-6.241787	-3.582902	-2.088020	0.551835	0.029173	-0.046091	-0.832168	img__0_1588261821205006200.png
1588261819815	-6.304291	-3.691929	-2.085830	0.552510	0.015100	-0.024865	-0.832998	img__0_1588261821290219500.png
1588261819902	-6.365505	-3.806378	-2.072276	0.552764	0.008705	-0.015216	-0.833154	img__0_1588261821375560800.png
1588261819986	-6.422569	-3.917776	-2.047929	0.552700	0.016397	-0.026795	-0.832788	img__0_1588261821460004100.png
1588261820070	-6.475448	-4.030975	-2.012380	0.548554	0.070398	-0.108140	-0.826098	img__0_1588261821543482900.png
1588261820154	-6.515649	-4.149548	-1.964180	0.546460	0.085852	-0.131417	-0.822643	img__0_1588261821628936800.png
1588261820241	-6.540865	-4.279304	-1.900225	0.551234	0.047518	-0.073696	-0.829730	img__0_1588261821715692300.png
1588261820325	-6.554984	-4.408930	-1.826602	0.552728	0.027077	-0.042900	-0.831816	img__0_1588261821800368000.png
1588261820409	-6.563405	-4.540992	-1.742294	0.553307	0.014681	-0.024218	-0.832496	img__0_1588261821884282300.png
1588261820502	-6.568995	-4.688818	-1.637079	0.553346	0.017556	-0.028515	-0.832278	img__0_1588261821974859800.png
1588261820586	-6.569529	-4.824274	-1.531411	0.549542	0.068015	-0.104376	-0.826125	img__0_1588261822062418900.png
1588261820676	-6.556354	-4.975209	-1.405358	0.549774	0.067093	-0.102998	-0.826220	img__0_1588261822152768700.png
1588261820760	-6.530056	-5.121989	-1.275697	0.552635	0.038358	-0.059794	-0.830390	img__0_1588261822235225900.png
1588261820844	-6.495655	-5.272205	-1.136207	0.553647	0.021809	-0.034901	-0.831734	img__0_1588261822320349300.png
1588261820928	-6.456539	-5.424437	-0.987879	0.554048	0.012405	-0.020749	-0.832134	img__0_1588261822404787200.png
1588261821015	-6.412854	-5.583499	-0.833586	0.555256	0.008731	-0.015243	-0.831494	img__0_1588261822489120800.png
1588261821096	-6.368002	-5.733419	-0.703643	0.558198	0.054940	-0.084332	-0.823580	img__0_1588261822570714200.png
1588261821177	-6.310419	-5.888611	-0.588142	0.569425	0.044466	-0.070575	-0.817800	img__0_1588261822654050100.png
1588261821264	-6.236904	-6.060074	-0.462167	0.580073	0.025806	-0.042960	-0.813022	img__0_1588261822738865700.png
1588261821345	-6.162991	-6.221972	-0.335591	0.586818	0.014565	-0.025666	-0.809181	img__0_1588261822820637500.png
1588261821429	-6.082903	-6.391313	-0.201040	0.591702	0.008165	-0.015487	-0.805966	img__0_1588261822904631600.png
1588261821513	-6.105978	-6.348217	-0.245579	0.592667	0.000096	-0.010579	-0.805378	img__0_1588261822989197500.png
1588261821597	-6.110988	-6.346596	-0.254355	0.586872	-0.087768	-0.007391	-0.804875	img__0_1588261823072636400.png
1588261821678	-6.117791	-6.354486	-0.265141	0.574687	-0.175139	-0.008183	-0.799371	img__0_1588261823155373300.png
1588261821762	-6.119356	-6.518539	-0.273215	0.561796	-0.211086	0.011717	-0.799806	img__0_1588261823237559700.png
1588261821840	-6.131052	-6.392073	-0.268599	0.563479	-0.154725	0.010494	-0.811444	img__0_1588261823314932200.png
1588261821921	-6.139491	-6.392662	-0.266931	0.564120	-0.096077	0.005521	-0.820066	img__0_1588261823397115400.png
1588261822002	-6.134346	-6.383340	-0.344049	0.563119	-0.057443	0.002274	-0.824373	img__0_1588261823478995900.png
1588261822086	-6.159435	-6.425912	-0.345505	0.561744	-0.032501	0.000463	-0.826672	img__0_1588261823561903000.png
1588261822170	-6.187832	-6.470635	-0.335751	0.560496	-0.018564	-0.000466	-0.827949	img__0_1588261823645721900.png
1588261822248	-6.215863	-6.513331	-0.316764	0.559598	-0.011044	-0.001003	-0.828690	img__0_1588261823723012900.png
1588261822326	-6.244794	-6.556740	-0.288288	0.558936	-0.006596	-0.001322	-0.829184	img__0_1588261823802999000.png
1588261822407	-6.275353	-6.602324	-0.248761	0.558450	-0.003888	-0.001521	-0.829528	img__0_1588261823884127400.png
1588261822491	-6.275797	-6.602983	-0.247868	0.558208	-0.000001	-0.000050	-0.829701	img__0_1588261823966877200.png
1588261822572	-6.275781	-6.603012	-0.261251	0.558227	-0.000061	-0.000849	-0.829688	img__0_1588261824049510400.png
1588261822659	-6.275668	-6.603211	-0.320178	0.558273	-0.000108	-0.001277	-0.829656	img__0_1588261824134774900.png
1588261822740	-6.275428	-6.603639	-0.419504	0.558334	-0.000127	-0.001505	-0.829615	img__0_1588261824216145500.png
1588261822821	-6.275034	-6.604343	-0.560286	0.558407	-0.000137	-0.001638	-0.829566	img__0_1588261824298321200.png
1588261822905	-6.274479	-6.605337	-0.730960	0.558492	-0.000143	-0.001717	-0.829508	img__0_1588261824381815700.png
1588261822986	-6.273849	-6.606463	-0.886083	0.558580	-0.000147	-0.001761	-0.829449	img__0_1588261824461360600.png
1588261823070	-6.273104	-6.607798	-1.032984	0.558662	-0.004180	-0.004503	-0.829373	img__0_1588261824547091100.png
1588261823151	-6.272771	-6.610429	-1.161628	0.556434	-0.073363	-0.051115	-0.826067	img__0_1588261824628932500.png
1588261823235	-6.275796	-6.621826	-1.281130	0.549695	-0.144669	-0.091978	-0.817586	img__0_1588261824713293100.png
1588261823322	-6.286560	-6.651008	-1.388294	0.551595	-0.121143	-0.072057	-0.822117	img__0_1588261824798420500.png
1588261823409	-6.304814	-6.695985	-1.479429	0.555427	-0.068352	-0.041258	-0.827724	img__0_1588261824884787000.png
1588261823490	-6.325737	-6.746265	-1.551757	0.556647	-0.039658	-0.024697	-0.829434	img__0_1588261824966145000.png
1588261823577	-6.350557	-6.805472	-1.616925	0.557115	-0.022101	-0.014505	-0.830014	img__0_1588261825053155200.png
1588261823667	-6.377623	-6.869994	-1.671193	0.557316	-0.012105	-0.008720	-0.830167	img__0_1588261825144015100.png
1588261823745	-6.401677	-6.927494	-1.707641	0.557423	-0.007211	-0.005890	-0.830177	img__0_1588261825220435900.png
1588261823829	-6.427885	-6.990413	-1.736047	0.557520	-0.004155	-0.004125	-0.830143	img__0_1588261825304729800.png
1588261823916	-6.455168	-7.056273	-1.753715	0.557617	-0.002377	-0.003100	-0.830089	img__0_1588261825391634000.png
1588261823994	-6.479595	-7.115582	-1.759436	0.557367	0.031530	0.019595	-0.829436	img__0_1588261825470957300.png
1588261824075	-6.503198	-7.173218	-1.754984	0.552773	0.113605	0.074712	-0.822164	img__0_1588261825553368800.png
1588261824168	-6.523719	-7.223735	-1.734960	0.553915	0.101616	0.066639	-0.823658	img__0_1588261825641598500.png
1588261824384	-6.550261	-7.291263	-1.630723	0.558095	0.016667	0.009486	-0.829556	img__0_1588261825858377400.png
1588261824486	-6.559034	-7.314924	-1.556438	0.558305	0.003688	0.000755	-0.829628	img__0_1588261825962622600.png
1588261824588	-6.567284	-7.337964	-1.466724	0.558430	-0.000948	-0.002363	-0.829548	img__0_1588261826065395800.png
1588261824684	-6.574847	-7.359476	-1.368507	0.557383	0.044894	0.052843	-0.827355	img__0_1588261826160047400.png
1588261824771	-6.580750	-7.370961	-1.267579	0.555384	0.075949	0.089278	-0.823292	img__0_1588261826246688700.png
1588261824855	-6.584969	-7.368989	-1.158823	0.558646	0.041329	0.047851	-0.826993	img__0_1588261826332404900.png
1588261824939	-6.588270	-7.359139	-1.040104	0.559932	0.022503	0.025930	-0.827827	img__0_1588261826415469500.png
1588261825020	-6.590956	-7.345532	-0.916854	0.560557	0.012162	0.013729	-0.827913	img__0_1588261826498138400.png
1588261825107	-6.593534	-7.328553	-0.775340	0.560969	0.005840	0.006261	-0.827793	img__0_1588261826583119900.png
1588261825188	-6.595771	-7.311668	-0.635425	0.561244	0.002513	0.002325	-0.827643	img__0_1588261826665600000.png
1588261825269	-6.597915	-7.294370	-0.487949	0.561465	0.000591	0.000042	-0.827500	img__0_1588261826746891000.png
1588261825350	-6.600005	-7.277009	-0.333208	0.561651	-0.000518	-0.001281	-0.827373	img__0_1588261826828678700.png
1588261825437	-6.602212	-7.258527	-0.159249	0.561826	-0.001194	-0.002090	-0.827252	img__0_1588261826913379100.png
1588261825518	-6.601072	-7.268066	-0.250101	0.561854	0.000000	0.000000	-0.827236	img__0_1588261826995241200.png
1588261825602	-6.601072	-7.268066	-0.250101	0.561854	0.000000	0.000000	-0.827236	img__0_1588261827080028500.png
1588261825683	-6.601072	-7.268066	-0.250101	0.561854	0.000000	0.000000	-0.827236	img__0_1588261827161549600.png
1588261825761	-6.601072	-7.268066	-0.250101	0.561854	0.000000	0.000000	-0.827236	img__0_1588261827238820500.png
1588261825839	-6.601072	-7.268066	-0.250101	0.561854	0.000000	0.000000	-0.827236	img__0_1588261827316897400.png
1588261825917	-6.601072	-7.268066	-0.250101	0.561854	0.000000	0.000000	-0.827236	img__0_1588261827395828700.png
1588261825998	-6.601072	-7.268066	-0.250101	0.561854	0.000000	0.000000	-0.827236	img__0_1588261827475249700.png
1588261826076	-6.601072	-7.268066	-0.250101	0.561854	0.000000	0.000000	-0.827236	img__0_1588261827554012400.png
1588261826154	-6.601072	-7.268066	-0.250101	0.561854	0.000000	0.000000	-0.827236	img__0_1588261827631262900.png
1588261826232	-6.601072	-7.268066	-0.250101	0.561854	0.000000	0.000000	-0.827236	img__0_1588261827708311800.png
1588261826310	-6.601072	-7.268066	-0.250101	0.561854	0.000000	0.000000	-0.827236	img__0_1588261827787002300.png
1588261826388	-6.601072	-7.268066	-0.250101	0.561854	0.000000	0.000000	-0.827236	img__0_1588261827865123300.png
1588261826472	-6.601072	-7.268066	-0.250101	0.561854	0.000000	0.000000	-0.827236	img__0_1588261827950510600.png
1588261826556	-6.601072	-7.268066	-0.250101	0.561854	0.000000	0.000000	-0.827236	img__0_1588261828032455600.png
1588261826637	-6.601072	-7.268066	-0.250101	0.561854	0.000000	0.000000	-0.827236	img__0_1588261828113877900.png
1588261826718	-6.601072	-7.268066	-0.250101	0.561854	0.000000	0.000000	-0.827236	img__0_1588261828195667700.png
1588261826799	-6.601072	-7.268066	-0.250101	0.561854	0.000000	0.000000	-0.827236	img__0_1588261828274893000.png
1588261826883	-6.601072	-7.268066	-0.250101	0.561854	0.000000	0.000000	-0.827236	img__0_1588261828360026600.png
